# callgrind format
version: 1
creator: callgrind-3.18.1
pid: 2279
cmd:  ./main -V0
part: 1


desc: I1 cache: 
desc: D1 cache: 
desc: LL cache: 

desc: Timerange: Basic block 0 - 16263762278
desc: Trigger: Program termination

positions: line
events: Ir
summary: 51768163989


ob=(4) /usr/libexec/valgrind/vgpreload_core-amd64-linux.so
fl=(83) ???
fn=(852) 0x0000000000001100
0 9
cob=(2) ???
cfi=(48) ???
cfn=(858) 0x0000000004839060
calls=1 0 
0 775
0 1
cfn=(870) 0x0000000000001090
calls=1 0 
0 5
0 3

fn=(412) 0x0000000000001140
0 12

fn=(870)
0 5

ob=(1) /usr/lib64/ld-linux-x86-64.so.2
fl=(80) /usr/src/debug/glibc-2.34-28.el9_0.x86_64/elf/dl-lookup-direct.c
fn=(378) check_match
31 21
+1 3
-1 6
+1 9
+1 9
+2 6
+1 6
+12 9
+3 6
+2 9
cfi=(31) /usr/src/debug/glibc-2.34-28.el9_0.x86_64/string/../sysdeps/x86_64/strcmp.S
cfn=(94) strcmp
calls=3 +58 
* 232
* 6
+4 6
+1 18
+1 9
cfi=(31)
cfn=(94)
calls=3 +52 
* 75
+5 6
-24 6
+24 6
-24 3
+24 9

fn=(376) _dl_lookup_direct
74 36
+1 3
+3 3
-2 6
+2 9
+37 3
-37 9
+1 6
+2 12
+3 25
+2 6
+1 6
-1 3
+1 12
cfn=(378)
calls=3 -56 
* 460
+3 6
-3 3
+3 3
+3 6
+23 27

fl=(51) /usr/src/debug/glibc-2.34-28.el9_0.x86_64/elf/dl-misc.c
fn=(218) _dl_sysdep_read_whole_file
36 2
+3 1
-3 6
+3 1
-3 1
+3 1
cfi=(53) /usr/src/debug/glibc-2.34-28.el9_0.x86_64/io/../sysdeps/unix/sysv/linux/open64_nocancel.c
cfn=(180) __open_nocancel
calls=1 -5 
* 19
+1 2
+23 7
-21 4
cfi=(56) /usr/src/debug/glibc-2.34-28.el9_0.x86_64/io/../sysdeps/unix/sysv/linux/fstat64.c
cfn=(192) fstat
calls=1 -13 
* 15
* 2
+2 2
+3 2
+13 2
cfi=(61) /usr/src/debug/glibc-2.34-28.el9_0.x86_64/io/../sysdeps/unix/sysv/linux/close_nocancel.c
cfn=(206) __GI___close_nocancel
calls=1 -35 
* 6
* 1
-11 6
cfi=(58) /usr/src/debug/glibc-2.34-28.el9_0.x86_64/misc/../sysdeps/unix/sysv/linux/mmap64.c
cfn=(196) mmap
calls=1 -1 
* 9
* 2

fn=(170) _dl_name_match_p
68 84
+1 28
cfi=(31)
cfn=(94)
calls=14 +42 
* 350
* 28
+3 14
+2 28
+6 15
-6 30
+1 54
cfi=(31)
cfn=(94)
calls=18 +36 
* 584
* 36
+8 3
-13 3
+13 20
-1 11
+1 33

fl=(71) /usr/src/debug/glibc-2.34-28.el9_0.x86_64/elf/dl-version.c
fn=(250) _dl_check_all_versions
362 6
+4 5
-2 2
+4 24
cfn=(252) _dl_check_map_versions
calls=4 156 
* 3592
-2 4
+2 12
-1 4
-1 8
+5 7

fn=(252)
156 32
+15 4
-15 8
+15 8
+2 20
+2 4
+1 4
-1 4
+1 4
+2 8
+3 4
-16 2
-8 2
+28 2
-4 2
+4 4
+16 2
37 2
201 2
37 2
201 2
37 10
+1 5
-1 10
+2 21
cfi=(51)
cfn=(170)
calls=7 +29 
* 635
* 14
209 6
+5 2
-71 4
+71 6
+8 2
-2 2
-2 4
+4 2
-4 12
+4 5
-2 5
-2 10
+4 5
-4 50
57 28
+8 21
+6 21
+16 7
+1 14
+2 7
+5 63
+14 174
+12 240
+4 80
-30 160
225 28
+3 21
+5 5
-11 5
111 7
+3 28
cfi=(31)
cfn=(94)
calls=7 -3 
* 264
* 30
237 8
+14 4
+3 8
+10 40
-7 160
+3 120
-3 8
+3 6
+8 6
+6 3
fi=(27) /usr/src/debug/glibc-2.34-28.el9_0.x86_64/elf/../include/rtld-malloc.h
44 3
fe=(71)
274 3
fi=(27)
44 3
cfi=(7) /usr/src/debug/glibc-2.34-28.el9_0.x86_64/elf/dl-minimal.c
cfn=(74) rtld_calloc
calls=3 171 
* 108
fe=(71)
273 3
fi=(27)
44 3
fe=(71)
275 6
+13 3
-3 3
+3 12
+2 9
+3 8
+4 6
+18 5
-15 5
+2 5
-2 5
+2 5
-2 5
+2 10
-2 2
+2 2
-2 2
+2 2
-2 2
+2 4
+2 7
+1 7
-1 21
+1 7
+1 7
-2 7
+2 14
+1 21
+3 21
+8 6
+10 9
+3 8
+20 40
-14 84
-2 40
+6 40
+1 40
+1 40
-1 120
+1 40
-1 40
+1 40
+1 40
+3 126
+10 36
165 2
+86 2
-94 2
+94 3

fl=(45) /usr/src/debug/glibc-2.34-28.el9_0.x86_64/elf/dl-debug.c
fn=(142) _dl_debug_initialize
46 4
+3 8
+5 6
+5 1
-1 1
+1 3
+1 2
-1 1
+5 1
-14 4
+4 8
+3 1
+1 5

fn=(148) _dl_debug_state
73 2
+1 2

fl=(9) /usr/src/debug/glibc-2.34-28.el9_0.x86_64/elf/../elf/dl-sysdep.c
fn=(396) _dl_sysdep_start_cleanup
270 1
+1 1

fn=(16) _dl_sysdep_start
88 4
+25 1
-25 6
+25 1
-1 1
+1 117
+11 1
-8 1
+1 1
-4 1
+3 1
+6 1
+2 13
-34 1
-1 1
+36 113
+3 1
+1 1
-5 85
+62 1
-62 1
+63 1
-1 1
-62 3
+34 1
-34 1
+35 1
-1 1
-34 3
+46 1
-46 1
+47 1
-1 1
-46 3
+40 1
-40 1
+41 1
-1 1
-40 3
+37 1
-37 1
+38 1
-1 1
-37 4
+13 1
-13 1
+14 1
-1 1
-13 3
+10 1
-10 1
+11 1
-1 1
-10 3
+7 1
-7 4
232 1
cfi=(10) /usr/src/debug/glibc-2.34-28.el9_0.x86_64/elf/dl-tunables.c
cfn=(18) __GI___tunables_init
calls=1 +48 
* 18234
+3 1
cfi=(12) /usr/src/debug/glibc-2.34-28.el9_0.x86_64/elf/dl-sort-maps.c
cfn=(22) _dl_sort_maps_init
calls=1 +46 
* 32
fi=(13) /usr/src/debug/glibc-2.34-28.el9_0.x86_64/elf/../sysdeps/unix/sysv/linux/dl-sysdep.c
36 2
cfi=(14) /usr/src/debug/glibc-2.34-28.el9_0.x86_64/elf/../sysdeps/unix/sysv/linux/brk.c
cfn=(28) brk
calls=1 -1 
* 8
fi=(6) /usr/src/debug/glibc-2.34-28.el9_0.x86_64/elf/../sysdeps/x86_64/dl-machine.h
223 1
cfi=(15) /usr/src/debug/glibc-2.34-28.el9_0.x86_64/elf/../sysdeps/x86/dl-get-cpu-features.c
cfn=(32) _dl_x86_init_cpu_features
calls=1 37 
* 7219
fe=(9)
+23 3
+1 1
cfi=(22) /usr/src/debug/glibc-2.34-28.el9_0.x86_64/string/../sysdeps/x86_64/multiarch/strlen-vec.S
cfn=(62) strlen
calls=1 41 
* 17
* 1
+2 2
cfi=(23) /usr/src/debug/glibc-2.34-28.el9_0.x86_64/elf/../misc/sbrk.c
cfn=(64) sbrk
calls=1 37 
* 15
* 3
+12 3
+3 5
cfi=(2) /usr/src/debug/glibc-2.34-28.el9_0.x86_64/elf/rtld.c
cfn=(66) dl_main
calls=1 1154 
* 106865
+2 9

fl=(41) /usr/src/debug/glibc-2.34-28.el9_0.x86_64/string/../sysdeps/x86_64/multiarch/../strchr.S
fn=(124) index
23 14
+1 14
+1 14
+1 14
+1 14
+1 14
+1 14
+1 14
+1 14
+1 14
+1 14
+1 14
+1 14
+1 14
+1 14
+1 14
+1 14
+1 14
+1 12
+4 12
+1 12
+1 12
+1 12
+2 12
+4 2
+1 2
+1 2
+1 2
+1 2
+1 2
+1 2
+1 2
+1 2
+1 2
+1 2
+1 2
+1 2
+1 2
+1 2
+1 2
+1 2
+1 2
+1 2
+1 2
+1 2
+1 2
+1 2
+1 2
+52 2
+4 2
+1 2
+1 2
+1 2
+2 2

fl=(56)
fn=(192)
29 6
+1 6
+5 9
cfi=(57) /usr/src/debug/glibc-2.34-28.el9_0.x86_64/io/../sysdeps/unix/sysv/linux/fstatat64.c
cfn=(194) fstatat
calls=3 149 
* 24

fl=(92) /usr/src/debug/glibc-2.34-28.el9_0.x86_64/elf/dl-fini.c
fn=(832) _dl_fini
31 9
+20 3
-3 2
+77 6
-74 4
+3 2
cob=(3) /usr/lib64/libc.so.6
cfi=(76) ???
cfn=(834) pthread_mutex_lock@@GLIBC_2.2.5
calls=1 -54 
* 43
+2 1
+3 2
+2 6
+8 2
-3 1
+3 14
+5 2
+2 8
+2 8
+2 8
+1 4
+1 4
+4 4
-12 12
+14 6
+1 4
+6 5
cfi=(12)
cfn=(242) _dl_sort_maps
calls=1 290 
* 300
+9 2
cob=(3)
cfi=(76)
cfn=(836) pthread_mutex_unlock@@GLIBC_2.2.5
calls=1 0 
* 39
+5 3
+17 5
-15 1
+2 3
-2 3
+2 9
+3 8
+3 12
+4 4
+11 2
+1 2
-1 2
+2 4
+1 10
+1 2
cob=(4)
cfi=(83)
cfn=(852)
calls=1 0 
* 793
cob=(5) /home/worker/Documents/team280/Implementierung/main
cfi=(84) ???
cfn=(840) 0x0000000000401530
calls=1 0 
* 14
-1 8
+5 6
+1 6
cob=(2)
cfi=(48)
cfn=(876) 0x00000000048392b8
calls=1 0 
* 4
cob=(2)
cfi=(48)
cfn=(850) 0x0000000000404660
calls=1 0 
* 4
+6 24
+19 4
-59 16
+11 6
+54 6
+6 2
+7 8

fl=(67) /usr/src/debug/glibc-2.34-28.el9_0.x86_64/io/../sysdeps/unix/sysv/linux/pread64_nocancel.c
fn=(230) __pread64_nocancel
25 8
+1 16
+1 4

fl=(38) /usr/src/debug/glibc-2.34-28.el9_0.x86_64/elf/../sysdeps/x86_64/dl-hwcaps-subdirs.c
fn=(114) _dl_hwcaps_subdirs_active
29 1
fi=(18) /usr/src/debug/glibc-2.34-28.el9_0.x86_64/elf/../sysdeps/x86/get-isa-level.h
+2 1
fe=(38)
+7 1
fi=(18)
-7 2
-1 2
fe=(38)
+22 1
fi=(18)
-20 3
+4 1
fe=(38)
+2 1
fi=(18)
-2 2
+3 4
+1 4
+5 1
fe=(38)
-7 1
fi=(18)
+7 3
fe=(38)
-2 1
fi=(18)
+5 2
+1 3
+2 4
+1 2
+1 2
+6 1
fe=(38)
-11 1
fi=(18)
+11 1
-3 2
fe=(38)

fl=(54) /usr/src/debug/glibc-2.34-28.el9_0.x86_64/io/../sysdeps/unix/sysv/linux/read_nocancel.c
fn=(182) __read_nocancel
25 2
+1 8
+1 2

fl=(25) /usr/src/debug/glibc-2.34-28.el9_0.x86_64/elf/dl-environ.c
fn=(70) _dl_next_ld_env_entry
28 2
+1 2
+3 42
+13 35
-13 70
+2 72
+1 12
+5 1
-3 1
+3 1
+2 1
+7 1

fl=(44) /usr/src/debug/glibc-2.34-28.el9_0.x86_64/string/../sysdeps/x86_64/multiarch/memset-vec-unaligned-erms.S
fn=(140) memset
105 5
+1 25
+6 5
+1 5
+1 4
+1 4
+71 4
+1 4
+1 4
+1 4
+1 2
+1 2
+5 2
+4 2
+1 2
+1 2
+1 2
+1 1
+1 1
+1 2
+3 1
+1 1
+1 1
+1 1
+1 1
+1 1
+1 1
-6 41
+1 41
+1 41
+1 41
+1 41
+1 41
+1 41
+4 2
+1 2
+1 2
+1 2
+1 2
+41 1
+1 1
+1 1
+25 1
+1 1
+1 1

fl=(63) /usr/src/debug/glibc-2.34-28.el9_0.x86_64/elf/dl-deps.c
fn=(212) openaux
61 6
+7 2
-4 4
+1 2
-1 16
cfi=(30) /usr/src/debug/glibc-2.34-28.el9_0.x86_64/elf/dl-load.c
cfn=(168) _dl_map_object
calls=2 2038 
* 4939
* 2
+5 4

fn=(210) _dl_map_object_deps
159 3
+1 2
-1 1
+1 1
-1 2
+1 1
-1 1
+1 1
-1 4
+1 3
-1 2
+1 1
-1 1
+1 6
-15 1
+15 2
-8 1
-6 1
-1 1
+15 1
-16 1
+8 3
-6 1
+6 1
+24 3
-28 3
-2 1
+31 1
-33 2
+2 2
+30 2
-30 1
-1 1
+1 1
+6 4
+24 2
-32 1
+60 1
-60 2
+36 1
+20 1
fi=(70) /usr/src/debug/glibc-2.34-28.el9_0.x86_64/elf/../include/scratch_buffer.h
78 1
fe=(63)
180 1
fi=(70)
77 3
fe=(63)
198 1
298 1
198 1
+2 1
+9 2
+4 4
-4 6
+4 12
+11 12
-18 2
+18 4
433 12
+2 2
+3 2
-3 4
+3 2
fi=(27)
56 2
cfi=(7)
cfn=(78) rtld_malloc
calls=2 +72 
* 50
* 2
fe=(63)
439 4
+6 2
+1 10
cfi=(28) /usr/src/debug/glibc-2.34-28.el9_0.x86_64/string/../sysdeps/x86_64/multiarch/memmove-vec-unaligned-erms.S
cfn=(82) memcpy
calls=2 193 
* 22
+1 10
cfi=(28)
cfn=(82)
calls=2 193 
* 22
+4 2
-1 2
+5 16
204 9
458 9
-1 4
+1 8
199 3
+27 10
+5 2
+6 2
-5 2
-1 2
+2 4
+1 4
+3 8
-31 2
+31 2
+1 6
+6 8
cfi=(30)
cfn=(174) _dl_dst_count
calls=2 -8 
* 108
* 6
+4 4
-2 2
+2 4
cob=(2)
cfi=(48)
cfn=(160) 0x0000000004002050
calls=2 0 
* 5099
+1 4
+9 2
+2 4
+5 10
+6 2
+2 2
-8 4
+3 2
+1 2
+1 2
+1 2
+4 10
+4 6
+1 3
-43 192
+1 92
+44 138
-38 4
fi=(70)
85 3
fe=(63)
464 6
+1 1
+3 5
+11 3
fi=(27)
56 1
cfi=(7)
cfn=(78)
calls=1 +72 
* 25
* 1
fe=(63)
481 2
+5 2
+4 1
-2 2
-2 1
+1 1
-1 2
+4 1
+4 12
+7 4
-2 4
+2 4
-2 4
+2 4
+5 4
-16 12
+19 3
+52 4
+37 3
+4 1
+11 2
-11 1
-3 2
+20 1
-1 2
+1 3
-1 6
cfi=(12)
cfn=(242)
calls=1 290 
* 260
+5 1
+2 1
+1 1
-1 1
+2 2
+7 3
+3 2
+3 8
214 25
+3 2
fi=(70)
-86 6
cfi=(69) /usr/src/debug/glibc-2.34-28.el9_0.x86_64/malloc/scratch_buffer_set_array_size.c
cfn=(236) __libc_scratch_buffer_set_array_size
calls=2 30 
* 40
fe=(63)
+86 4
+4 6
613 2
cfi=(28)
cfn=(82)
calls=1 193 
* 11
* 1
160 2
380 6

fl=(40) /usr/src/debug/glibc-2.34-28.el9_0.x86_64/elf/dl-hwcaps_split.c
fn=(126) _dl_hwcaps_contains
66 6
+1 12
+1 6
+9 6

fn=(122) _dl_hwcaps_split
25 60
+1 45
+4 36
+4 48
+1 12
-1 24
+2 24
+5 27
cfi=(41)
cfn=(124)
calls=9 -18 
* 216
+1 18
+3 12
+2 6
-1 6
+1 24
-20 6
+20 18
-4 6
cfi=(22)
cfn=(62)
calls=3 -2 
* 51
* 3
+4 3
-1 3
+1 9

fn=(120) _dl_hwcaps_split_masked
51 44
+5 9
+1 27
+1 18
-4 28
cfn=(122)
calls=14 -29 
* 645
* 28
+8 10
-4 24
cfn=(126)
calls=6 +8 
* 30
* 12
+4 12

fl=(46) /usr/src/debug/glibc-2.34-28.el9_0.x86_64/elf/../elf/dl-tls.c
fn=(258) _dl_determine_tlsoffset
221 8
+6 3
+3 2
+36 3
+2 1
-2 1
-2 1
-40 1
-1 1
-1 1
+46 2
+23 3
+3 1
-3 4
+2 2
-2 1
-25 1
+20 1
-20 5
+2 2
+3 1
-1 1
+5 2
-5 1
+1 1
-1 1
+3 2
+2 3
+32 2
-1 1
+53 1
-52 4
+2 2
+51 8

fn=(256) _dl_tls_static_surplus_init
97 2
+4 1
-4 2
+4 1
-4 2
+4 3
cfi=(10)
cfn=(24) __tunable_get_val
calls=1 403 
* 21
* 1
+1 4
cfi=(10)
cfn=(24)
calls=1 403 
* 21
* 1
+8 1
-8 1
+6 2
+2 3
+3 1
+2 1
-32 3
+34 3
+1 5

fn=(362) _dl_add_to_slotinfo
1004 8
+6 1
+3 1
+1 1
+4 3
+34 2
+3 3
+1 3
+3 6

fn=(262) allocate_dtv
365 1
fi=(27)
44 1
fe=(46)
365 3
+5 1
+4 1
+1 1
fi=(27)
44 1
cfi=(7)
cfn=(74)
calls=1 171 
* 64
fe=(46)
376 2
+3 1
+6 3
+6 4

fn=(364) _dl_allocate_tls_init
524 9
+1 2
+4 1
+6 1
-6 1
+6 1
cfi=(24) /usr/src/debug/glibc-2.34-28.el9_0.x86_64/elf/../sysdeps/nptl/dl-tls_init_tp.c
cfn=(88) rtld_mutex_dummy
calls=1 41 
* 3
+3 3
-7 1
+19 1
-18 2
+23 8
+9 3
+1 2
+6 3
+1 1
+2 1
-2 1
+6 1
-4 2
+4 1
-4 2
+1 1
+2 2
+4 2
+1 4
+2 2
+1 1
+12 1
-12 1
+12 1
-3 1
+3 1
cfi=(28)
cfn=(136) mempcpy
calls=1 180 
* 13
* 5
cfi=(44)
cfn=(140)
calls=1 105 
* 23
+6 1
-48 4
+6 4
+48 2
cfi=(24)
cfn=(88)
calls=1 41 
* 3
+3 2
+3 9

fn=(234) _dl_assign_tls_modid
131 2
+3 1
+13 1
-13 1
+52 1
+2 1
+3 1
+1 2

fn=(260) _dl_allocate_tls_storage
422 5
+2 1
+11 1
+1 1
fi=(27)
56 1
cfi=(7)
cfn=(78)
calls=1 +72 
* 25
fe=(46)
437 3
+8 4
+1 1
+4 321
+19 1
+2 2
cfn=(262)
calls=1 365 
* 83
+1 2
+3 5

fn=(146) _dl_count_modids
197 1
+2 2
+1 1
+15 2

fl=(8) /usr/src/debug/glibc-2.34-28.el9_0.x86_64/elf/dl-setup_hash.c
fn=(14) _dl_setup_hash
25 4
+3 4
-3 4
+3 8
+3 12
+1 8
+2 4
-1 4
+3 12
+1 4
+4 4
-3 4
+7 4
-7 4
+3 4
-1 4
+3 4
+2 4
-7 4
+7 4
+5 4

fl=(26) /usr/src/debug/glibc-2.34-28.el9_0.x86_64/elf/dl-object.c
fn=(72) _dl_new_object
59 33
+3 3
-3 6
+3 6
+15 2
+3 6
cfi=(22)
cfn=(62)
calls=2 -39 
* 52
+4 2
-4 4
+4 2
+5 4
fi=(27)
-45 6
cfi=(7)
cfn=(74)
calls=2 171 
* 100
fe=(26)
+45 1
fi=(27)
-45 3
cfi=(7)
cfn=(74)
calls=1 171 
* 43
* 3
fe=(26)
+48 6
+4 3
-1 3
+6 3
-5 3
+5 3
-5 3
+4 3
+1 3
-1 3
+1 6
cfi=(28)
cfn=(82)
calls=3 +92 
* 44
* 3
+15 3
-15 3
+2 3
+13 14
+6 1
+2 7
+3 2
-3 14
+3 4
+2 3
+4 3
+3 14
fi=(4) /usr/src/debug/glibc-2.34-28.el9_0.x86_64/elf/../sysdeps/generic/ldsodefs.h
1367 3
fe=(26)
136 2
+2 1
-2 2
fi=(4)
1367 45
fe=(26)
136 30
+2 15
-2 30
+16 3
-6 3
+1 3
+5 6
-6 3
+6 9
+2 4
+3 4
-3 4
+7 8
+4 4
+8 2
+13 1
-10 2
+10 5
-10 4
+10 6
+2 2
cfi=(22)
cfn=(62)
calls=2 41 
* 70
+21 2
-21 6
+17 2
-13 6
+50 6
cfi=(28)
cfn=(136)
calls=2 -62 
* 34
+5 84
+1 84
+2 4
+3 2
+3 2
+4 27
128 6
+22 1
+7 4
+8 8
fi=(27)
56 4
cfi=(7)
cfn=(78)
calls=2 +72 
* 50
* 2
fe=(26)
197 8
64 2
+1 6
+9 1
-5 2

fn=(86) _dl_add_to_namespace_list
31 6
+2 3
-2 6
+2 3
-2 6
+2 3
cfi=(24)
cfn=(88)
calls=3 +8 
* 9
+2 23
+3 20
+2 2
+2 2
+4 2
+4 2
-4 4
+1 2
+4 2
-4 2
+1 2
+3 2
-3 2
+3 2
-1 2
cfi=(24)
cfn=(88)
calls=2 -9 
* 6
-4 1
+4 1
-4 2
+1 1
+4 1
-4 1
+1 1
+3 1
-3 1
+3 1
-1 1
cfi=(24)
cfn=(88)
calls=1 -9 
* 3
-5 2

fl=(42) /usr/src/debug/glibc-2.34-28.el9_0.x86_64/string/../sysdeps/x86_64/memcmp.S
fn=(128) bcmp
23 1
+5 1
+1 1
+1 1
+1 1
+1 1
+1 1
+1 1
+1 1
+3 1
+1 1
+1 1
+1 1
+1 1
+1 1
+1 1
+1 1
+1 1
+2 1
+1 1
+9 1
+1 1
+9 1
+1 1
+1 1
+1 1
+1 1
+1 1
+29 1
+1 1
+1 1
+1 1
+1 1
+1 1
+1 1
+1 1
+1 1
+1 1
+1 1
+1 1
+1 1

fl=(13)
fn=(104) _dl_discover_osversion
46 5
+2 3
+85 5
-45 2
cfi=(35) /usr/src/debug/glibc-2.34-28.el9_0.x86_64/posix/../sysdeps/unix/syscall-template.S
cfn=(106) uname
calls=1 +32 
* 6
+15 1
-15 2
+20 1
-1 1
+3 12
+4 3
-2 6
+2 10
+3 1
-1 1
+1 3
-3 4
+7 3
-1 3
+4 3
-2 3
+2 10
+5 2

fl=(37) /usr/src/debug/glibc-2.34-28.el9_0.x86_64/elf/dl-hwcaps.c
fn=(134) copy_hwcaps
74 6
+6 2
-6 4
fi=(39) /usr/src/debug/glibc-2.34-28.el9_0.x86_64/elf/./dl-hwcaps.h
-20 2
+2 4
+32 2
+1 2
+1 2
fe=(37)
-11 4
+1 4
-1 2
+1 10
cfi=(28)
cfn=(136)
calls=2 180 
* 26
+4 2
+2 2
+2 2
-3 2
+1 4
+1 4
+1 2
-11 4
cfi=(40)
cfn=(120)
calls=2 -26 
* 134
* 4
cfi=(40)
cfn=(120)
calls=2 -26 
* 169
* 8
+13 10

fn=(112) _dl_important_hwcaps
172 5
+1 1
-1 6
+1 1
-1 1
+1 1
-1 1
+1 1
-1 1
+1 2
cfi=(10)
cfn=(24)
calls=1 403 
* 21
* 1
+2 2
+1 3
+9 2
-9 1
+8 1
cfi=(38)
cfn=(114)
calls=1 29 
* 47
fi=(39)
54 1
fe=(37)
185 1
-1 1
fi=(39)
56 1
+32 1
+1 1
+1 1
fe=(37)
-38 2
cfi=(40)
cfn=(120)
calls=1 -1 
* 22
* 2
fi=(39)
+2 1
+2 2
-2 1
+34 2
+1 2
+1 1
fe=(37)
-35 2
-1 2
+1 6
-3 4
cfi=(40)
cfn=(120)
calls=2 -1 
* 134
* 2
cfi=(40)
cfn=(120)
calls=1 -1 
* 147
* 6
+48 5
fi=(27)
-44 1
cfi=(7)
cfn=(78)
calls=1 +72 
* 25
fe=(37)
+44 1
+2 2
+3 2
fi=(39)
-49 1
fe=(37)
+52 1
-3 1
fi=(39)
-51 2
+3 1
fe=(37)
+55 2
cfi=(40)
cfn=(122)
calls=1 -87 
* 12
* 2
fi=(39)
-58 1
+2 2
-2 1
+34 2
+1 2
+1 1
fe=(37)
+37 10
+1 4
+1 2
+1 2
-1 2
-4 4
cfi=(40)
cfn=(120)
calls=2 -74 
* 134
* 2
cfi=(40)
cfn=(120)
calls=1 -74 
* 147
* 6
+8 2
+9 1
-15 1
+15 2
-15 1
+15 8
+9 2
+4 7
cfi=(42)
cfn=(128)
calls=1 23 
* 41
+1 2
+1 4
+5 1
-1 1
+2 1
-20 1
+20 1
-1 1
+1 1
-20 2
-1 4
+53 1
+1 2
-1 2
+1 2
+4 2
-4 1
+4 1
-4 1
+4 4
+1 1
-1 1
+1 2
+1 2
-2 5
+1 1
-1 1
+1 2
+1 2
-2 5
+5 1
+3 19
+7 1
-7 1
+2 1
+1 4
fi=(43) /usr/src/debug/glibc-2.34-28.el9_0.x86_64/elf/../sysdeps/x86/dl-hwcap.h
57 7
fe=(37)
213 1
+1 1
cfi=(22)
cfn=(62)
calls=1 41 
* 17
+1 1
+1 1
-6 1
+4 1
+1 2
+1 1
-1 2
-5 5
+8 3
+2 1
+2 3
-2 1
+1 2
+4 5
+1 1
+3 2
+4 3
-1 2
+4 1
+1 2
+16 11
+6 2
fi=(27)
56 1
cfi=(7)
cfn=(78)
calls=1 +72 
* 25
* 2
fe=(37)
260 2
+7 1
+1 1
+1 3
-1 2
+1 2
-1 1
+1 1
cfn=(134)
calls=1 74 
* 43
+1 5
cfn=(134)
calls=1 74 
* 374
+3 1
+1 1
-1 1
+8 2
+24 3
+48 2
+13 1
-13 1
+13 2
-58 2
+7 2
+10 3
-1 1
+1 4
-1 1
-88 2
+85 1
-85 1
+85 4
-3 1
+3 1
cfi=(28)
cfn=(136)
calls=1 180 
* 17
* 2
-3 1
+3 1
cfi=(28)
cfn=(136)
calls=1 180 
* 17
* 2
+3 2
-3 4
+3 5
+1 12
+1 2
-2 1
+2 1
cfi=(28)
cfn=(136)
calls=1 180 
* 15
* 2
-2 2
+5 8
cfi=(28)
cfn=(136)
calls=2 180 
* 30
* 4
+2 5
+5 7
+1 1
-1 3
+1 7
-1 22
+5 10
+3 2
-3 8
+3 10
+1 3
-1 3
+1 15
-1 9
+1 18
+1 24
-1 12
-1 12
+2 24
-1 24
-1 24
+4 9
+4 1
-1 1
+2 1
-2 1
+1 1
+1 1
-2 1
+2 3
-1 1
+1 2
+3 2
+3 2
-6 2
+2 6
+3 1
+1 2
-6 2
+6 3
+7 8
+1 1
-1 2
+3 2
-3 3
+1 3
-1 6
+3 6
+3 5
-80 2
+86 9
239 2
+1 1
-1 2
+2 1
-1 1
+1 3
-1 2
+2 2
+7 4
-41 2
+1 2

fl=(81) /usr/src/debug/glibc-2.34-28.el9_0.x86_64/elf/dl-call-libc-early-init.c
fn=(382) _dl_call_libc_early_init
27 1
+2 2
-2 1
+6 3
-6 1
+6 3
-6 1
+6 1
cfi=(80)
cfn=(376)
calls=1 +41 
* 198
+4 2
+2 4
+2 1
-1 1
+1 2
-1 1
cob=(3)
cfi=(76)
cfn=(384) __libc_early_init
calls=1 -40 
* 290

fl=(1) ???
fn=(0) 0x0000000000020900
0 2
cfi=(2)
cfn=(2) _dl_start
calls=1 507 
0 134849
0 14
cfi=(82) /usr/src/debug/glibc-2.34-28.el9_0.x86_64/elf/dl-init.c
cfn=(404) _dl_init
calls=1 77 
0 389
0 3
cob=(5)
cfi=(84)
cfn=(430) (below main)
calls=1 0 
0 51768028732

fl=(61)
fn=(206)
25 3
+1 12
+1 3

fl=(62) /usr/src/debug/glibc-2.34-28.el9_0.x86_64/io/../sysdeps/unix/sysv/linux/access.c
fn=(208) access
25 1
+2 7
+4 1

fl=(52) /usr/src/debug/glibc-2.34-28.el9_0.x86_64/string/strdup.c
fn=(176) strdup
40 10
+1 2
cfi=(22)
cfn=(62)
calls=2 * 
* 70
* 2
fi=(93) /usr/src/debug/glibc-2.34-28.el9_0.x86_64/string/../include/rtld-malloc.h
+15 4
cfi=(7)
cfn=(78)
calls=2 +72 
* 50
fe=(52)
-12 4
+4 2
-1 6
+1 4
-1 2
cfi=(28)
cfn=(82)
calls=2 193 
* 30

fl=(14)
fn=(28)
35 1
+1 3
+1 2
+6 1
+1 1

fl=(35)
fn=(106)
120 5
+2 1

fl=(2)
fn=(144) audit_list_add_dynamic_tag
219 6
+1 8
+1 4
-10 2

fn=(166) map_doit
654 2
+2 1
-2 1
+2 1
+1 2
-1 2
+1 3
cfi=(30)
cfn=(168)
calls=1 2038 
* 2624
* 1
+2 2

fn=(150) handle_preload_list
885 10
+5 5
-4 2
+10 2
+7 1
178 1
905 2
178 2
907 2
+1 4
cfn=(154) do_preload
calls=1 -88 
* 2754
* 1
-18 2
+3 3
cfi=(47) /usr/src/debug/glibc-2.34-28.el9_0.x86_64/string/../sysdeps/x86_64/strcspn.S
cfn=(152) strcspn
calls=1 28 
* 233
* 1
+1 3
+2 4
cfi=(28)
cfn=(82)
calls=1 193 
* 19
+1 3
+14 9

fn=(66)
1154 2
298 1
1154 4
2837 1
1154 1
2837 1
1154 2
2706 1
1154 2
298 1
1154 3
192 1
+1 1
+1 1
+97 1
+1 1
+1 1
+1 1
+1 1
+1 1
+1 1
1168 1
cfi=(24)
cfn=(68) __tls_pre_init_tp
calls=1 48 
* 14
2685 1
+6 2
-6 1
+6 4
-4 1
+4 1
+2 3
cfi=(25)
cfn=(70)
calls=1 28 
* 233
* 2
cfi=(25)
cfn=(70)
calls=1 28 
* 7
* 6
+4 3
-2 1
+2 3
+1 1
-1 3
+1 6
-1 32
+9 6
2853 4
+32 2
1184 1
+1 2
-1 2
+1 2
2727 2
+7 2
1461 9
cfi=(26)
cfn=(72)
calls=1 59 
* 291
* 1
+2 2
+1 2
+6 1
-6 1
+1 1
+5 1
-5 1
+1 3
+4 1
cfi=(26)
cfn=(86)
calls=1 31 
* 36
+1 2
1162 1
1500 1
-8 1
+8 1
-3 1
-5 1
+8 2
-7 1
+2 1
+5 4
+57 1
1159 1
1501 1
+19 1
+22 1
+15 2
-56 116
+96 2
+1 2
-98 27
fi=(29) /usr/src/debug/glibc-2.34-28.el9_0.x86_64/elf/../sysdeps/x86/dl-prop.h
104 3
fe=(2)
1604 22
+6 4
cfi=(30)
cfn=(92) _dl_process_pt_gnu_property
calls=1 866 
* 20
-7 26
+1 13
+6 13
-6 26
fi=(29)
203 4
+1 2
95 8
+9 2
+99 1
-99 1
-2 1
-2 1
+1 1
+3 3
+81 4
-1 1
-80 3
+3 3
+1 2
+1 2
+4 3
+4 3
+3 3
+1 2
+4 1
+1 3
+23 2
+10 1
-1 2
-28 2
+1 1
+3 2
+3 1
+1 4
+5 4
fe=(2)
1505 1
-5 1
+5 2
-5 2
+30 1
-9 1
+27 1
-27 1
+2 1
-3 1
+10 2
-20 2
-10 1
+10 1
+1 9
-11 2
+57 4
-1 4
+1 8
-1 4
+2 8
+1 1
+3 2
+1 2
-1 6
+1 6
+1 4
+1 10
-65 1
+66 1
-66 2
+93 1
-93 1
+93 1
-93 2
1619 3
+2 1
-5 3
+3 2
+2 2
+2 2
+13 3
+2 1
-1 1
+1 2
+1 2
-2 1
+2 1
-2 2
cfi=(31)
cfn=(94)
calls=1 111 
* 25
* 2
+7 1
+3 1
-5 1
+3 1
+2 1
+1 2
+4 2
+2 2
fi=(3) /usr/src/debug/glibc-2.34-28.el9_0.x86_64/elf/get-dynamic-info.h
40 4
+4 1
+2 3
+9 1
+5 1
+3 1
+2 1
-3 1
-3 1
-3 11
+13 3
-23 12
+23 20
-23 80
+4 46
+5 16
+2 5
+16 4
+25 4
+5 2
+7 3
+1 3
+18 4
+14 4
+20 3
fe=(2)
1662 4
+7 2
cfi=(8)
cfn=(14)
calls=1 25 
* 27
+3 2
fi=(32) /usr/src/debug/glibc-2.34-28.el9_0.x86_64/elf/./setup-vdso.h
24 2
fi=(34) /usr/src/debug/glibc-2.34-28.el9_0.x86_64/elf/../sysdeps/unix/sysv/linux/dl-vdso-setup.h
+21 1
fe=(2)
1697 1
cfi=(13)
cfn=(104)
calls=1 46 
* 90
* 8
fi=(36) /usr/src/debug/glibc-2.34-28.el9_0.x86_64/elf/./dl-main.h
109 5
cfi=(30)
cfn=(110) _dl_init_paths
calls=1 704 
* 2217
fe=(2)
1705 3
cfi=(45)
cfn=(142)
calls=1 46 
* 18
+7 1
-7 1
+2 1
+5 1
+4 1
+1 1
+2 1
-3 3
+1 2
+3 1
+5 1
-7 1
+7 1
+1 3
+17 2
+1 2
+5 1
-3 2
+2 1
+1 2
+5 3
+1 5
-1 2
+13 6
cfn=(144)
calls=1 219 
* 10
+1 4
cfn=(144)
calls=1 219 
* 10
+4 2
+5 2
fi=(29)
190 5
+2 1
+1 1
+1 1
-2 3
+2 1
fe=(2)
1757 1
+6 1
-6 1
+1 2
+5 1
fi=(3)
60 4
+3 4
+2 4
fe=(2)
1801 1
cfi=(46)
cfn=(146)
calls=1 197 
* 6
* 1
+8 4
+3 2
+4 3
+5 2
+1 1
cfi=(45)
cfn=(148)
calls=1 73 
* 2
+1 1
+4 3
+16 3
+2 1
+2 2
+9 2
+16 4
cfi=(62)
cfn=(208)
calls=1 25 
* 9
* 2
+76 4
72 1
1968 3
72 3
1968 5
cfi=(63)
cfn=(210)
calls=1 159 
* 6594
79 1
1974 1
79 2
+9 2
1974 2
+1 6
-1 4
+1 6
-1 12
+4 4
+1 3
+1 1
+2 2
+1 5
-1 9
+1 9
+12 3
+1 2
+2 1
+2 3
+2 1
-4 1
+5 1
-1 2
+14 2
+1 2
+1 3
+11 2
+2 1
-2 1
+2 2
-2 1
+1 2
+1 1
-1 2
+1 1
cfi=(49) /usr/src/debug/glibc-2.34-28.el9_0.x86_64/elf/dl-error-skeleton.c
cfn=(246) _dl_receive_error
calls=1 238 
* 3692
+10 2
+1 2
+3 2
853 1
fi=(94) /usr/src/debug/glibc-2.34-28.el9_0.x86_64/elf/../sysdeps/unix/sysv/linux/dl-osinfo.h
64 2
fe=(2)
855 1
+6 1
+3 1
+7 1
-5 1
2050 3
2280 4
1776 2
fi=(33) /usr/src/debug/glibc-2.34-28.el9_0.x86_64/elf/../sysdeps/unix/sysv/linux/dl-vdso.h
40 1
+1 2
fe=(2)
2329 1
1161 1
2336 2
+4 1
-4 1
+10 1
-6 1
+6 1
-6 1
+9 2
+8 2
fi=(29)
36 2
+1 3
+3 1
+13 1
-13 9
+9 6
-9 1
+9 20
+4 15
-16 12
+34 4
cfi=(73) /usr/src/debug/glibc-2.34-28.el9_0.x86_64/elf/../sysdeps/x86/dl-cet.c
cfn=(268) _dl_cet_check
calls=1 252 
* 31
fe=(2)
2359 2
+51 3
+3 1
72 4
2417 2
+1 16
+2 8
+5 8
+2 8
+8 4
-2 4
+2 8
+1 24
cfi=(74) /usr/src/debug/glibc-2.34-28.el9_0.x86_64/elf/dl-reloc.c
cfn=(272) _dl_relocate_object
calls=3 168 
* 80796
+4 10
+1 2
-23 1
+23 1
cfi=(46)
cfn=(362)
calls=1 1004 
* 28
-23 3
79 3
+1 1
2449 1
80 1
2449 1
+5 4
+2 1
+7 2
cfi=(46)
cfn=(364)
calls=1 524 
* 133
+3 2
fi=(34)
30 3
+3 1
+3 1
+3 1
fi=(33)
+16 2
fe=(2)
2429 1
+1 1
-3 2
+49 3
+2 4
+12 3
cfi=(7)
cfn=(366) __rtld_malloc_init_real
calls=1 89 
* 2356
+3 1
cfi=(79) /usr/src/debug/glibc-2.34-28.el9_0.x86_64/elf/../sysdeps/nptl/dl-mutex.c
cfn=(374) __rtld_mutex_init
calls=1 30 
* 488
72 1
2499 1
+1 3
72 3
2500 2
cfi=(74)
cfn=(272)
calls=1 168 
* 3852
79 3
+9 2
2508 3
cfi=(81)
cfn=(382)
calls=1 27 
* 512
+7 1
cfi=(9)
cfn=(396)
calls=1 270 
* 2
+4 3
+21 3
cfi=(45)
cfn=(142)
calls=1 46 
* 9
+1 1
-1 1
+2 1
cfi=(45)
cfn=(148)
calls=1 73 
* 2
+1 1
+4 1
cfi=(64) /usr/src/debug/glibc-2.34-28.el9_0.x86_64/elf/dl-cache.c
cfn=(398) _dl_unload_cache
calls=1 527 
* 18
+5 8
1715 4
1993 2
+50 2
cfn=(254) init_tls
calls=1 747 
* 782
* 2
2734 4
+2 2
+1 1
1952 10
72 1
1851 2
72 3
1851 2
cfn=(150)
calls=1 885 
* 3063
* 1
79 3
+9 3
1952 6
+1 1
-1 1
+4 3
+1 1
+1 2
+1 2
-7 2
fi=(29)
162 2
-32 2
fe=(2)

fn=(254)
747 3
+2 1
+4 1
-4 1
+4 2
+11 1
fi=(27)
44 1
fe=(2)
759 1
+4 1
fi=(27)
44 1
cfi=(7)
cfn=(74)
calls=1 171 
* 36
fe=(2)
774 1
-12 1
+6 1
-9 1
+11 1
+4 1
+2 3
-1 2
+3 8
+4 1
+2 1
-2 2
-5 1
-1 2
+1 3
-1 6
+10 3
+3 2
cfi=(46)
cfn=(256)
calls=1 97 
* 79
+3 1
cfi=(46)
cfn=(258)
calls=1 221 
* 74
+7 1
cfi=(46)
cfn=(260)
calls=1 422 
* 456
* 1
+1 2
+6 1
+3 2
-3 1
+3 6
+3 1
cfi=(24)
cfn=(264) __tls_init_tp
calls=1 63 
* 62
+1 1
+3 5

fn=(2)
507 10
72 1
552 1
72 2
fi=(6)
-14 1
fe=(2)
+14 1
fi=(3)
-26 1
fi=(6)
+12 2
fe=(2)
551 1
-3 1
fi=(3)
46 2
+9 1
+5 1
+3 1
+2 1
+4 1
-7 1
-3 1
-3 17
+13 5
-23 20
+23 15
-23 60
+4 40
+5 24
+2 5
+3 4
+13 4
+25 3
+5 2
+7 3
+1 3
+8 5
+3 3
+4 2
+1 2
fe=(2)
563 2
+7 1
+13 1
cfi=(7)
cfn=(12) __rtld_malloc_init_stubs
calls=1 55 
* 10
72 1
474 2
72 3
474 1
cfi=(8)
cfn=(14)
calls=1 25 
* 27
+2 1
+17 2
-17 1
+1 2
+1 1
-3 1
+3 1
+9 1
+6 1
cfi=(9)
cfn=(16)
calls=1 88 
* 132828
* 1
+2 2
598 9
fi=(4)
79 1
fi=(6)
-4 1
fi=(4)
+4 1
fe=(2)
568 10
fi=(5) /usr/src/debug/glibc-2.34-28.el9_0.x86_64/elf/do-rel.h
46 1
fe=(2)
568 3
fi=(5)
86 3
fe=(2)
568 6
fi=(5)
47 1
fe=(2)
568 3
fi=(5)
47 1
fe=(2)
568 1
fi=(5)
47 2
+37 5
+27 3
+1 2
fi=(6)
542 2
fi=(5)
112 280
fi=(6)
542 280
+1 141
fi=(5)
111 141
fi=(6)
543 282
fi=(5)
111 282
+5 2
fi=(6)
422 1
fi=(5)
124 2
fi=(6)
334 10
fi=(5)
124 18
+12 6
+3 6
-3 6
fi=(6)
296 6
fi=(5)
139 6
-3 6
+1 12
fi=(6)
296 12
+8 60
+3 12
+27 28
fi=(3)
63 4
+2 4
+18 4
+1 4
+1 4
+1 4
+2 4
+5 4
+1 4
+1 5
fi=(6)
334 2
+20 10
+1 5
fe=(2)

fn=(154)
820 1
+12 1
-12 5
+10 1
-4 1
+6 2
-5 1
+5 2
-10 1
+6 1
+4 1
cob=(2)
cfi=(48)
cfn=(156) 0x0000000004002080
calls=1 0 
* 2726
+1 3
+8 3
+6 5

fn=(248) version_check_doit
687 3
+2 4
cfi=(71)
cfn=(250)
calls=1 362 
* 3664
* 2
+4 2

fl=(30)
fn=(110)
704 9
+14 1
-14 4
+14 2
cfi=(37)
cfn=(112)
calls=1 172 
* 2033
fi=(27)
56 1
fe=(30)
718 1
fi=(27)
56 1
cfi=(7)
cfn=(78)
calls=1 +72 
* 25
fe=(30)
723 1
+2 2
+7 2
+1 2
-1 3
+5 3
fi=(27)
56 1
cfi=(7)
cfn=(78)
calls=1 +72 
* 25
fe=(30)
737 1
+2 4
+26 1
-9 1
+12 1
-9 1
-13 1
-1 1
+9 1
+2 1
+1 1
+2 1
+1 1
+5 2
+1 3
+2 1
-2 2
cfi=(44)
cfn=(140)
calls=1 105 
* 17
+2 1
-2 2
-7 1
-5 1
+12 1
-12 1
+2 1
+1 1
+2 1
+1 1
+6 1
cfi=(44)
cfn=(140)
calls=1 105 
* 17
+2 1
+12 1
+3 1
-8 1
-1 1
+9 2
+2 4
+2 3
+36 2
+31 1
+1 8
-49 1
-2 1
+2 2
+14 2

fn=(172) expand_dynamic_string_token
383 3
+10 1
-10 4
+10 1
cfn=(174)
calls=1 236 
* 66
+3 2
+12 1
-11 1
+11 4
-11 1
cfi=(52)
cfn=(176)
calls=1 40 
* 97

fn=(174)
236 6
+3 3
-3 6
+7 3
-7 6
+3 3
cfi=(41)
cfn=(124)
calls=3 23 
* 120
+3 6
+20 21

fn=(214) cache_rpath
680 3
-1 6
+1 6
+1 3
+16 6

fn=(92)
866 3
+8 3
-8 3
+8 3
-6 3
+12 6
-13 3
+13 3
-13 3
+13 6
+3 9
+1 6
+1 6
+43 3

fn=(168)
2038 30
+8 6
+1 12
+3 48
+5 49
+2 21
cfi=(51)
cfn=(170)
calls=7 68 
* 686
* 14
+4 12
+1 18
+4 2
-1 10
+1 2
+1 2
-1 2
+1 4
cfi=(31)
cfn=(94)
calls=2 111 
* 50
* 4
2346 29
2082 2
-2 2
+2 4
-2 4
-40 2
+50 6
+36 4
-2 2
+2 2
cfi=(41)
cfn=(124)
calls=2 23 
* 48
* 4
2277 2
-1 3
cfn=(172)
calls=1 383 
* 181
+2 1
-3 1
+1 1
+2 2
+4 6
cfn=(178) open_verify.constprop.0
calls=1 1587 
* 287
* 1
+3 2
+12 4
+46 1
+1 3
-1 1
+1 9
cfn=(188) _dl_map_object_from_fd
calls=1 942 
* 1777
-1 1
+1 3
-1 1
+1 9
cfn=(188)
calls=1 942 
* 2322
* 6
2130 2
cfi=(22)
cfn=(62)
calls=1 41 
* 17
* 2
+2 2
+7 4
+43 6
cfn=(214)
calls=1 680 
* 8
* 2
+8 1
+14 2
+2 3
+4 2
cfi=(64)
cfn=(216) _dl_load_cache_lookup
calls=1 406 
* 1319
* 1
+2 2
+4 2
+8 3
+23 7
cfn=(178)
calls=1 1587 
* 395
+4 2
-4 1
+4 1
+1 2
+17 2
+28 4
+2 4
2143 5
+8 3
-3 3
+1 6
cfn=(214)
calls=1 680 
* 8
* 2
+14 3
+1 8
+1 8
cfn=(214)
calls=1 680 
* 8
* 2
+9 3
+7 3

fn=(178)
1587 22
+39 2
-39 2
+39 4
+31 8
cfi=(53)
cfn=(180)
calls=2 34 
* 38
* 2
+2 4
+11 2
+6 4
-5 2
+5 16
cfi=(54)
cfn=(182)
calls=2 25 
* 12
+2 4
+2 4
+2 4
+6 4
+17 22
fi=(27)
50 4
cfi=(7)
cfn=(186) rtld_free
calls=2 188 
* 10
fe=(30)
1872 18
1705 6
+59 4
+5 4
+2 8
+6 4
+6 2
+1 2
-1 6
+1 2
-1 2
+1 4
+1 2
+20 6
+31 2
-31 2
+31 2
1664 2
1836 8
-31 114
+1 52
+1 16
+4 16
+6 4
+1 28
+10 10
cfi=(67)
cfn=(230)
calls=2 25 
* 14
* 14
+8 30
+15 2
+6 1
-3 1
+1 1
+1 1
+1 2
-3 1
+1 1
+1 1
+2 1
-3 3
-1 1
+4 2
-19 36
+3 4
-4 4
+4 8
+5 1
+1 2
-60 14
+1 3
-1 1
+1 3
cfi=(67)
cfn=(230)
calls=1 25 
* 7
* 3
+16 5
+7 12
1705 3
1818 4

fn=(188)
942 22
+10 2
-10 2
+10 2
-10 4
+10 2
cfi=(45)
cfn=(142)
calls=2 46 
* 18
* 2
+7 8
+81 8
+10 4
+7 8
+33 4
953 2
1093 14
cfi=(26)
cfn=(72)
calls=2 59 
* 766
* 2
+1 4
+11 2
+5 2
-5 2
+1 4
+1 2
+2 2
-2 2
+2 4
+1 6
+1 2
+19 2
-2 1
+2 9
-2 1
+2 29
+9 2
-9 2
+9 12
+93 2
-6 2
-32 4
-28 2
-33 2
+99 2
-6 2
-95 2
+35 2
-34 2
+48 2
-54 2
1232 4
-92 60
+20 2
+1 1
-22 69
+1 127
1244 2
1139 2
1244 2
+1 4
1139 6
1249 6
1106 4
1262 4
+10 8
+7 6
fi=(59) /usr/src/debug/glibc-2.34-28.el9_0.x86_64/elf/./dl-map-segments.h
56 2
fe=(30)
1279 2
fi=(59)
56 2
fe=(30)
1279 4
fi=(59)
57 2
fe=(30)
1279 6
fi=(59)
57 2
-1 2
-6 2
+6 2
-6 2
+6 2
cfi=(58)
cfn=(196)
calls=2 -8 
* 18
* 2
+4 4
+3 4
+1 2
+2 2
-3 2
+1 2
+2 2
+7 10
cfi=(68) /usr/src/debug/glibc-2.34-28.el9_0.x86_64/misc/../sysdeps/unix/syscall-template.S
cfn=(232) mprotect
calls=1 +44 
* 6
* 2
+7 2
+2 2
fi=(60) /usr/src/debug/glibc-2.34-28.el9_0.x86_64/elf/./dl-load.h
+8 16
+1 6
+2 16
fi=(59)
+11 32
+8 2
-1 2
-1 2
+1 2
+2 2
-1 2
+1 2
-1 8
+8 4
+17 4
+12 8
-59 40
+2 12
+3 6
-3 12
+2 42
cfi=(58)
cfn=(196)
calls=6 -46 
* 54
* 12
fi=(55) /usr/src/debug/glibc-2.34-28.el9_0.x86_64/elf/../sysdeps/posix/dl-fileid.h
-57 6
cfi=(56)
cfn=(192)
calls=2 -8 
* 30
* 4
fe=(30)
997 2
fi=(55)
40 2
+1 2
fe=(30)
997 2
fi=(55)
40 2
fe=(30)
997 4
fi=(55)
41 2
fe=(30)
997 21
+1 10
fi=(55)
49 12
fe=(30)
1534 18
1016 4
1140 26
+26 24
+5 56
+10 16
-1 8
+4 16
-4 8
-1 8
+2 16
+2 8
-2 8
-1 8
+1 8
+1 8
-1 8
+2 8
+1 8
+4 16
+1 30
+5 6
-1 6
+1 6
-1 6
+1 24
-15 6
+15 12
+10 6
-10 2
-1 2
+1 2
-1 2
+1 8
-15 2
+15 4
+10 2
-58 4
+7 2
+2 2
-2 2
+1 2
+1 2
-1 4
+1 16
+52 3
+4 1
+1 2
-59 1
+63 5
+1 1
+3 1
-3 1
+8 4
+15 4
+1 2
1114 13
+1 2
-1 1
+1 1
-1 1
+1 1
cfi=(67)
cfn=(230)
calls=1 25 
* 7
* 2
1295 8
+1 6
fi=(3)
40 2
+6 2
-2 2
+2 4
+9 2
+5 2
+3 2
-1 2
-3 2
-3 31
+13 9
-23 36
+23 36
-23 144
+4 90
+5 44
+2 10
+3 8
+3 8
+2 8
+8 8
+10 7
+1 8
+1 8
+1 8
+2 8
+5 8
+1 7
+1 8
+3 6
+5 4
+7 4
+1 6
+18 6
+5 2
+2 2
+2 2
+2 2
+3 6
+2 6
+1 4
+9 6
+5 4
+3 4
fe=(30)
1302 4
+1 4
+2 10
+10 6
+19 4
+2 10
+52 6
+1 2
+6 14
+1 42
+6 8
cfn=(92)
calls=2 866 
* 40
-7 50
+1 25
+6 25
-6 50
fi=(29)
203 8
+1 4
95 16
+9 4
+99 2
-99 2
-2 2
-2 2
+1 2
+3 6
+81 8
-1 2
-80 6
+3 6
+1 4
+1 4
+4 6
+4 6
+3 6
+1 4
+4 2
+1 6
+23 6
+10 3
-1 6
+1 2
+18 6
+2 8
-49 6
+1 3
+3 6
+3 3
+1 12
+5 12
+26 2
fe=(30)
1407 4
cfi=(61)
cfn=(206)
calls=2 25 
* 12
* 4
+13 4
+2 8
+2 4
+16 4
cfi=(8)
cfn=(14)
calls=2 25 
* 54
+4 4
+1 4
+17 4
+4 2
+5 2
-5 2
+5 2
+10 4
+7 14
+10 4
+1 4
+5 2
cfi=(46)
cfn=(234)
calls=1 131 
* 10
+7 6
cfi=(26)
cfn=(86)
calls=2 31 
* 94
+4 6
fi=(60)
94 4
+2 1
-1 2
+1 1
-1 1
+1 1
-1 1
+1 1
-1 2
+3 4
fi=(59)
+25 4
+8 14
cfi=(44)
cfn=(140)
calls=2 -26 
* 335
+1 6
fe=(30)
1463 2
1114 2
fi=(3)
141 2
+20 3
fi=(29)
+29 10
+2 2
+1 2
+1 2
-2 6
+2 2
fi=(59)
-53 8
cfi=(58)
cfn=(196)
calls=1 -93 
* 9
+3 2
fe=(30)
1489 6
+2 1
-1 5
+1 1
-1 1
+1 1
-1 1
cfi=(31)
cfn=(94)
calls=1 111 
* 48
* 2
+2 6
fi=(29)
162 2
-32 2
fe=(30)

fl=(49)
fn=(246)
238 6
+1 1
+1 1
+3 1
+1 1
+2 1
cfi=(2)
cfn=(248)
calls=1 687 
* 3675
+2 1
+1 1
+1 4

fn=(158) _dl_catch_error
225 10
+2 2
cob=(2)
cfi=(48)
cfn=(160)
calls=1 0 
* 2701
+1 2
+1 1
+1 1
-1 1
+1 1
+2 5

fn=(162) _dl_catch_exception
175 9
+5 3
-5 9
+5 3
-2 6
+21 3
+7 6
-7 3
+1 6
+3 6
+3 3
cfi=(50) /usr/src/debug/glibc-2.34-28.el9_0.x86_64/setjmp/../sysdeps/x86_64/setjmp.S
cfn=(164) __sigsetjmp
calls=3 30 
* 72
* 12
+2 9
cfi=(63)
cfn=(212)
calls=2 61 
* 4975
cfi=(2)
cfn=(166)
calls=1 654 
* 2639
+2 3
-1 3
+1 3
-1 3
+1 6
+9 12

fl=(68)
fn=(400) munmap
117 5
+5 1

fn=(232)
117 25
+5 5

fl=(19) /usr/src/debug/glibc-2.34-28.el9_0.x86_64/elf/../sysdeps/x86/dl-cacheinfo.h
fn=(46) handle_intel.constprop.0
255 24
-5 24
+16 12
-16 72
+13 12
+1 36
-3 24
+11 60
+5 24
+2 12
+1 12
-1 12
+5 48
cfn=(48) intel_check_word.constprop.0
calls=12 123 
* 3936
+2 24
+3 60
cfn=(48)
calls=12 123 
* 1165
+2 24
+3 5
cfn=(48)
calls=1 123 
* 20
+2 2
+3 5
cfn=(48)
calls=1 123 
* 259
+2 2
-35 3
+39 3
+5 96

fn=(48)
123 78
-4 78
+10 104
-10 26
+10 52
+2 52
+71 200
-71 102
+2 63
+2 126
+8 126
+51 102
+22 51
fi=(20) /usr/src/debug/glibc-2.34-28.el9_0.x86_64/elf/../bits/stdlib-bsearch.h
28 51
-1 102
+8 282
-6 690
+2 690
+1 345
fe=(19)
+78 690
+3 345
fi=(20)
-76 126
fe=(19)
+88 15
246 104
-91 36
+3 36
-6 12
+3 24
+9 24
+1 24
+22 21
-32 63
+3 63
+4 64
+2 128
+2 58
+1 18
+5 11
+2 22
+6 14
+3 8
+1 12
-8 4
+2 4
+1 4
-2 4
-1 4
+2 8
-2 4
+3 4
-2 12
+2 12
-11 36
+1 24
+1 10
+11 12

fn=(52) get_common_cache_info.constprop.0
481 1
+16 1
-16 4
+15 1
-15 3
+26 1
-26 1
+18 1
-2 1
+1 2
+12 2
-5 1
+16 1
+5 3
+4 2
681 4
+1 5
+4 2
+9 2
-2 1
+2 2
-1 1
+1 3
535 6
+3 5
+6 2
-6 9
+6 6
+4 6
+14 2
+4 1
+3 1
+1 1
-4 2
+3 3
+6 8
-30 8
+3 20
+5 2
+4 1
+1 1
-1 2
+18 2
-68 5
+74 4
+8 9
+2 2
+4 3
+2 1
+2 4
-4 1
+33 1
-33 2
+21 2
-21 4
+3 1
+1 4
-4 1
+6 4
+3 2
+5 1
+2 2
+1 1
+1 1
-2 2
+1 1
-19 4
+46 2
+1 1
+1 2
+2 2
-1 3
-23 2
-7 1
+11 2
+3 1
+2 4
+1 1
+5 2

fl=(47)
fn=(152)
28 1
+2 1
+7 1
+1 1
+2 1
+1 1
+1 1
+1 1
+1 33
+3 3
+7 1
+1 1
+1 1
+1 1
+2 1
+1 1
+1 1
+1 1
+2 1
+1 1
+1 1
+9 3
+12 1
+2 1
+1 1
+1 1
-4 12
+2 12
+1 12
+1 12
+2 13
+1 13
+1 13
+2 13
+1 13
+1 13
+2 13
+1 13
+1 13
+2 1
+1 1
+1 1
+2 1
+7 1
+4 1

fl=(75) /usr/src/debug/glibc-2.34-28.el9_0.x86_64/elf/dl-lookup.c
fn=(280) _dl_lookup_symbol_x
835 1680
576 480
-1 240
+2 120
-1 120
+1 360
-1 360
+1 1469
-1 1469
+1 4407
-1 4407
+2 120
841 120
-4 120
+8 120
-8 120
+1 240
+7 340
+3 120
+2 240
-2 120
+6 240
-7 720
+7 35
+1 1680
cfn=(282) do_lookup_x
calls=120 362 
* 43405
* 360
+28 120
-23 120
+23 120
-23 240
+24 662
+7 113
-7 113
+40 452
+79 226
-65 339
+3 339
-62 120
+69 1080
-86 42
+18 21
+59 2

fn=(282)
362 840
+1 120
-1 840
+48 240
-41 120
+41 600
-16 1131
+8 377
-4 377
+1 377
+3 1508
+1 1131
+3 377
+1 754
+7 377
-3 754
-2 377
+5 1508
+3 2639
565 795
373 756
+3 756
+4 1518
+4 754
+4 754
+88 226
fi=(4)
137 339
fe=(75)
527 226
+3 860
+16 226
+1 113
+1 226
421 468
-1 234
+2 234
+2 1287
+13 453
-10 1320
+3 114
-1 228
+1 228
-1 114
+2 228
-1 1254
cfn=(284) check_match
calls=114 69 
* 12963
+4 342
+3 2
568 7
+1 960
-35 33
-66 8
170 28
451 904

fn=(284)
69 114
+3 114
-3 1368
+3 456
+13 114
-13 114
+13 114
-13 114
+13 342
+3 432
cfi=(31)
cfn=(94)
calls=51 +23 
* 2950
* 102
+4 114
+1 228
+2 222
+19 222
+1 888
+2 6
+1 4
-41 113
+84 678
-18 6
+2 6
+1 3
-1 6
+1 9
-1 6
+9 1
+7 6
-45 324
cfi=(31)
cfn=(94)
calls=108 -5 
* 3571
* 216

fl=(57)
fn=(194)
149 6
-62 6
+77 9
+1 3

fl=(53)
fn=(180)
34 3
+3 3
-3 9
+3 18
+8 21
+2 3

fl=(69)
fn=(236)
30 20
+4 2
+1 4
+11 2
-1 4
+18 8

fl=(64)
fn=(216)
406 6
+2 2
+3 3
+74 3
+3 5
cfn=(222) search_cache
calls=1 203 
* 1006
* 1
+15 2
+4 2
+8 2
cfi=(22)
cfn=(62)
calls=1 41 
* 35
* 13
+1 2
-1 1
+1 1
cfi=(28)
cfn=(82)
calls=1 193 
* 11
* 1
+1 1
cfi=(52)
cfn=(176)
calls=1 40 
* 89
+1 3
-3 2
414 5
cfi=(51)
cfn=(218)
calls=1 36 
* 91
* 1
+8 6
+1 8
+3 4
+1 1
-1 3
fi=(65) /usr/src/debug/glibc-2.34-28.el9_0.x86_64/elf/../sysdeps/generic/dl-cache.h
194 1
+1 5
fe=(64)
434 1
+1 2

fn=(226) _dl_cache_libcmp
360 18
+1 30
+4 44
-2 44
+2 44
-2 88
+20 86
+2 86
-24 35
+28 35
+1 35
-29 70
+32 3
-28 2
+8 1
-2 2
+1 2
+1 2
-2 1
+2 1
+2 3
-3 1
+3 1
+2 2
+9 24

fn=(398)
527 1
+1 4
-1 1
+3 2
cfi=(68)
cfn=(400)
calls=1 117 
* 6
+1 1
+4 1
+2 2

fn=(222)
203 10
+2 1
-2 3
fi=(66) /usr/src/debug/glibc-2.34-28.el9_0.x86_64/elf/../sysdeps/x86/dl-procinfo.h
39 2
+3 3
cfi=(31)
cfn=(94)
calls=1 +69 
* 68
* 4
fe=(64)
208 5
cfi=(10)
cfn=(24)
calls=1 403 
* 21
* 2
+2 2
+10 2
+3 1
-10 3
352 4
220 8
+2 16
+1 8
-32 16
+32 8
+4 16
+4 24
cfn=(226)
calls=8 360 
* 587
+1 16
349 7
+1 3
220 6
356 10
222 11
+20 2
+3 2
+2 4
cfn=(226)
calls=1 360 
* 73
* 2
-7 2
-30 3
+1 3
-1 8
+94 4
-45 2
+10 2
+1 3
+7 2
fi=(65)
125 5
fe=(64)
286 2
+9 2
+3 2
+2 3
+4 2
+1 4
+7 2
+21 2
+2 1
-34 2

fl=(73)
fn=(270) dl_cet_check
39 7
+3 1
+9 1
-10 1
+4 1
-4 1
+3 1
+4 2
+1 2
-1 2
+14 2
235 8

fn=(268)
252 1
+1 1
cfn=(270)
calls=1 39 
* 29

fl=(10)
fn=(24)
403 32
+3 224
+9 32
-9 122
+9 10
+17 160
+2 32
-9 22
+1 22

fn=(54) __GI___tunable_set_val
158 5
+1 30
+2 5
cfn=(56) do_tunable_update_val
calls=5 -61 
* 185

fn=(56)
100 5
+3 15
+10 5
fi=(95) /usr/src/debug/glibc-2.34-28.el9_0.x86_64/elf/./dl-tunable-types.h
-23 5
fe=(10)
+22 5
fi=(95)
-22 5
fe=(10)
+23 20
+1 25
fi=(11) /usr/src/debug/glibc-2.34-28.el9_0.x86_64/elf/dl-tunables.h
+7 10
fe=(10)
-8 5
fi=(11)
+18 5
fe=(10)
-18 5
+7 10
fi=(11)
+11 10
fe=(10)
-7 10
+7 10
+1 10
+3 5
+1 5
+1 5
+1 10

fn=(18)
280 9
-9 9
72 113
+6 36
-3 36
+3 2701
-3 36
-3 72
355 8
82 72
+5 36
-15 36
fi=(11)
+68 36
fe=(10)
-53 108
-9 72
fi=(11)
+63 144
fe=(10)
321 144
-18 4896
+6 6768
72 324
309 648
fi=(11)
140 324
+1 648
-1 31
+1 772
-1 155
fe=(10)

fl=(74)
fn=(272)
168 44
+15 4
-15 8
+15 4
+1 20
+6 8
+6 20
-18 4
+22 4
+7 16
+40 4
fi=(6)
75 4
fe=(74)
247 4
fi=(6)
75 8
fe=(74)
247 12
fi=(6)
75 8
fe=(74)
275 146
-96 10
fi=(6)
482 8
fe=(74)
275 2
fi=(5)
47 2
-1 2
+1 2
fe=(74)
275 2
fi=(5)
58 4
fe=(74)
179 10
fi=(6)
482 8
fe=(74)
275 2
fi=(5)
47 2
-1 2
+1 2
fe=(74)
275 2
fi=(5)
58 4
fe=(74)
275 4
fi=(5)
47 4
-1 4
+1 4
fe=(74)
275 4
fi=(5)
58 8
+3 2
-10 4
-1 2
+11 4
fi=(6)
553 62
+4 62
+3 93
+1 31
fi=(5)
61 93
+2 124
+11 4
fe=(74)
275 32
+3 16
+24 4
+3 8
+17 8
fi=(6)
85 6
+14 2
-8 2
+8 4
+20 4
+4 8
-2 2
fe=(74)
275 4
-78 8
+3 6
fi=(5)
84 6
+14 6
-14 30
+2 12
+12 12
+10 8
+3 10
+1 2
fi=(6)
537 2
fi=(5)
112 2
fi=(6)
537 4
fi=(5)
112 1198
fi=(6)
537 1198
fi=(5)
112 1198
fi=(6)
537 2396
+5 2400
+1 1200
fi=(5)
111 1200
fi=(6)
543 1200
-5 1200
fi=(5)
111 2400
+7 24
+4 25
+2 10
-74 3
fi=(6)
492 3
fi=(5)
51 3
fi=(6)
492 6
fi=(5)
127 608
+9 220
+3 110
-3 110
+3 110
-1 110
-2 110
+1 440
fi=(6)
271 220
+21 220
+4 220
+7 440
fi=(4)
137 282
fi=(6)
303 1528
fi=(5)
138 19
fi=(6)
303 19
fi=(5)
138 19
fi=(6)
303 19
fi=(5)
138 19
fi=(6)
303 38
fi=(5)
138 72
fi=(6)
303 72
fi=(5)
138 72
fi=(6)
303 72
fi=(5)
138 72
fi=(6)
303 1327
cfi=(75)
cfn=(280)
calls=91 835 
* 51355
* 637
+1 282
+30 660
458 184
+1 92
fi=(5)
124 456
+19 12
+1 6
fi=(6)
303 4
+21 2
-21 6
fi=(5)
144 168
+1 168
+3 84
+2 42
+2 84
-4 42
+2 42
+1 42
-1 84
fi=(6)
303 168
516 42
-1 84
+1 84
+1 42
cfi=(15)
cfn=(380) __x86_cpu_features
calls=1 71 
* 6
cob=(3)
cfi=(76)
cfn=(358) rawmemchr
calls=1 0 
* 23
cob=(3)
cfi=(76)
cfn=(356) strncasecmp
calls=1 0 
* 7
cob=(3)
cfi=(76)
cfn=(354) mempcpy
calls=1 0 
* 22
cob=(3)
cfi=(76)
cfn=(352) strspn
calls=1 0 
* 7
cob=(3)
cfi=(76)
cfn=(350) memchr
calls=1 0 
* 23
cob=(3)
cfi=(76)
cfn=(348) stpcpy
calls=1 0 
* 17
cob=(3)
cfi=(76)
cfn=(346) wmemcmp
calls=1 0 
* 22
cob=(3)
cfi=(76)
cfn=(344) strncpy
calls=1 0 
* 17
cob=(3)
cfi=(76)
cfn=(342) strlen
calls=1 0 
* 21
cob=(3)
cfi=(76)
cfn=(340) strcasecmp_l
calls=1 0 
* 7
cob=(3)
cfi=(76)
cfn=(338) strcpy
calls=1 0 
* 17
cob=(3)
cfi=(76)
cfn=(336) strchrnul
calls=1 0 
* 21
cob=(3)
cfi=(76)
cfn=(334) memrchr
calls=1 0 
* 21
cob=(3)
cfi=(76)
cfn=(332) wmemset
calls=2 0 
* 38
cob=(3)
cfi=(76)
cfn=(330) bcmp
calls=1 0 
* 22
cob=(3)
cfi=(76)
cfn=(328) strncasecmp_l
calls=1 0 
* 7
cob=(3)
cfi=(76)
cfn=(326) strcat
calls=1 0 
* 17
cob=(3)
cfi=(76)
cfn=(324) wcscpy
calls=1 0 
* 7
cob=(3)
cfi=(76)
cfn=(322) strcspn
calls=1 0 
* 7
cob=(3)
cfi=(76)
cfn=(320) strcasecmp
calls=1 0 
* 7
cob=(3)
cfi=(76)
cfn=(318) strncmp
calls=1 0 
* 17
cob=(3)
cfi=(76)
cfn=(316) wmemchr
calls=2 0 
* 46
cob=(3)
cfi=(76)
cfn=(314) stpncpy
calls=1 0 
* 17
cob=(3)
cfi=(76)
cfn=(312) wcscmp
calls=1 0 
* 21
cob=(3)
cfi=(76)
cfn=(310) memmove
calls=2 0 
* 44
cob=(3)
cfi=(76)
cfn=(308) rindex
calls=1 0 
* 21
cob=(3)
cfi=(76)
cfn=(306) index
calls=1 0 
* 19
cob=(3)
cfi=(76)
cfn=(304) wcschr
calls=2 0 
* 42
cob=(3)
cfi=(76)
cfn=(302) memcpy@@GLIBC_2.14
calls=1 0 
* 22
cob=(3)
cfi=(76)
cfn=(300) wcslen
calls=1 0 
* 19
cob=(3)
cfi=(76)
cfn=(298) memset
calls=1 0 
* 24
cob=(3)
cfi=(76)
cfn=(296) wcsnlen
calls=1 0 
* 19
cob=(3)
cfi=(76)
cfn=(294) strcmp
calls=1 0 
* 17
cob=(3)
cfi=(76)
cfn=(292) strpbrk
calls=1 0 
* 7
cob=(3)
cfi=(76)
cfn=(290) strnlen
calls=2 0 
* 42
cob=(3)
cfi=(76)
cfn=(288) __x86_cacheinfo
calls=1 0 
* 28
+1 42
+4 42
-92 51
+4 68
+5 51
+9 34
+50 3
+5 2
-1 2
+1 2
-1 1
cfi=(28)
cfn=(82)
calls=1 193 
* 11
+2 3
+1 1
-13 32
304 155
+3 107
-3 107
+3 214
fi=(5)
129 252
fi=(6)
304 91
+3 91
-3 518
+3 84
fe=(74)
-32 4
fi=(5)
48 4
fe=(74)
275 30
fi=(6)
+28 29
fi=(5)
108 3
fe=(74)
323 8
cfn=(360) _dl_protect_relro
calls=4 +6 
* 104
+1 32
-49 4
fi=(5)
50 1
160 5
+2 24
+9 18
-1 36
fi=(6)
271 12
+21 12
+4 12
+7 24
fi=(4)
137 18
fi=(6)
303 168
cfi=(75)
cfn=(280)
calls=6 835 
* 3046
* 42
+1 18
+30 36
458 18
+1 6
fi=(5)
160 18
+14 4
fi=(6)
304 2
+3 2
-3 2
+3 4
-3 2
+3 2
-3 4
81 6
fe=(74)

fn=(360)
329 4
+1 4
-1 8
+1 16
+3 4
-3 4
+3 4
+4 8
+7 8
-6 12
cfi=(68)
cfn=(232)
calls=4 117 
* 24
* 8

fl=(28)
fn=(82)
193 15
+1 15
+6 15
+1 15
+1 10
+1 10
+5 7
+1 7
+1 7
+1 7
+3 7
366 5
+1 5
+1 1
+1 1
+1 1
+1 1
+1 1
+1 1
+1 1
+2 1
+21 4
+1 4
+1 4
+1 4
+1 4
+24 3
+1 3
+1 3
+1 3
+21 3
+1 3
+1 3
+1 3
+1 3
+1 3
+1 3
+1 3
+1 3

fn=(136)
180 10
+1 10
+1 10
+1 10
+17 10
+1 10
+1 3
+1 3
+5 2
+1 2
+1 2
+1 2
+3 2
366 7
+1 7
+1 5
+1 5
+1 2
+1 2
+26 2
+1 2
+1 2
+1 2
+1 2
+3 3
+1 3
+1 3
+1 3
+1 3
+3 2
+1 2
+1 2
+1 2
+1 2
+10 1
+1 1
+1 1
+1 1
+21 1
+1 1
+1 1
+1 1
+1 1
+1 1
+1 1
+1 1
+1 1

fl=(50)
fn=(164)
30 3
+2 3
+9 3
+1 6
+1 3
+4 3
+1 3
+1 3
+1 3
+1 3
+2 6
+2 3
+1 3
+1 3
+2 6
+2 3
+8 3
+3 3
+1 3
+7 3
+1 3

fl=(12)
fn=(244) dfs_traversal.part.0
140 64
+10 8
-2 8
+2 16
+2 20
+3 20
-3 40
+9 16
+15 24
+1 8
+1 48
-17 12

fn=(22)
281 2
+1 4
cfi=(10)
cfn=(24)
calls=1 403 
* 20
+2 3
-1 1
+2 2

fn=(242)
290 20
+8 2
-8 2
+8 4
+4 16
-79 4
-37 2
+37 2
-36 8
+1 2
-1 2
+1 2
-1 4
+1 6
-1 6
+1 6
-1 12
+36 30
+8 6
-3 2
+2 2
+1 2
-8 2
+5 2
+3 8
+2 18
+2 8
-90 40
cfn=(244)
calls=8 -5 
* 284
+93 16
+18 4
+13 2
+33 2
-26 8
cfi=(28)
cfn=(82)
calls=2 -83 
* 22
* 2

fl=(16) /usr/src/debug/glibc-2.34-28.el9_0.x86_64/elf/../sysdeps/x86/cpu-features.c
fn=(34) init_cpu_features.constprop.0
399 1
+16 1
-16 6
+3 1
+1 1
+1 1
+11 2
+3 6
692 3
+1 1
+3 2
+1 1
+6 1
+1 1
+1 1
+1 2
fi=(19)
+2 1
+14 2
842 1
-2 1
+1 1
+1 1
+1 1
+5 1
-5 1
+1 1
+6 1
-6 1
+1 1
+6 1
-6 1
+1 2
+1 2
+2 2
+23 1
-1 2
+26 2
+20 2
-20 1
+8 2
+12 2
-12 1
+12 1
cfi=(10)
cfn=(24)
calls=1 403 
* 21
* 1
+5 2
-3 3
+3 2
cfi=(10)
cfn=(24)
calls=1 403 
* 21
* 1
+2 1
+3 2
-3 2
+3 2
cfi=(10)
cfn=(24)
calls=1 403 
* 21
* 1
+2 2
+3 4
cfi=(10)
cfn=(24)
calls=1 403 
* 21
* 1
+7 2
+3 1
-8 2
+5 2
cfi=(10)
cfn=(24)
calls=1 403 
* 21
+3 3
-3 1
+3 4
-3 1
+3 2
cfi=(10)
cfn=(54)
calls=1 158 
* 45
+1 8
cfi=(10)
cfn=(54)
calls=1 158 
* 45
+1 9
cfi=(10)
cfn=(54)
calls=1 158 
* 45
+2 9
cfi=(10)
cfn=(54)
calls=1 158 
* 45
+2 9
cfi=(10)
cfn=(54)
calls=1 158 
* 45
+6 1
-2 1
fe=(16)
711 3
fi=(19)
953 1
+1 1
+1 2
+2 1
-5 1
+5 1
-1 1
fe=(16)
711 1
cfi=(10)
cfn=(24)
calls=1 403 
* 19
+4 3
+14 1
-1 2
+1 3
+47 1
-1 1
+1 1
+46 4
cfi=(10)
cfn=(24)
calls=1 403 
* 19
+2 4
cfi=(10)
cfn=(24)
calls=1 403 
* 19
fi=(21) /usr/src/debug/glibc-2.34-28.el9_0.x86_64/elf/../sysdeps/unix/sysv/linux/x86/cpu-features.c
27 6
fe=(16)
834 2
+45 8
fi=(19)
* 10
fe=(16)
-99 3
+27 2
-10 2
+1 3
+2 3
+1 2
+2 3
+1 2
fi=(19)
-80 2
cfn=(46)
calls=1 255 
* 445
+1 1
-1 2
+1 1
cfn=(46)
calls=1 255 
* 483
+1 1
-1 1
+1 1
cfn=(46)
calls=1 255 
* 508
+3 1
-3 2
+3 1
cfn=(46)
calls=1 255 
* 464
+2 1
-2 1
+2 1
cfn=(46)
calls=1 255 
* 456
+3 1
-2 1
-1 1
+3 1
cfn=(46)
calls=1 255 
* 436
+2 1
-2 1
+2 1
cfn=(46)
calls=1 255 
* 437
+3 1
-2 1
-1 1
+3 1
cfn=(46)
calls=1 255 
* 474
+2 1
-2 1
+2 1
cfn=(46)
calls=1 255 
* 475
+3 1
-3 1
+3 1
cfn=(46)
calls=1 255 
* 499
+2 1
-2 1
+2 1
cfn=(46)
calls=1 255 
* 500
+2 1
-2 1
+2 1
cfn=(46)
calls=1 255 
* 799
+2 3
-2 1
+2 1
cfn=(52)
calls=1 481 
* 218
* 2
863 10
fe=(16)
424 6
cfn=(36) get_common_indices.constprop.0
calls=1 -99 
* 71
303 3
+1 2
+1 6
+5 2
+1 6
+5 2
+1 6
429 1
cfn=(40) update_active.constprop.0
calls=1 43 
* 185
+2 1
+85 1
-85 2
564 2
+24 2
705 1
422 2
-3 1
574 1
-4 1
+6 1
-6 1
+6 2
+6 1
-6 1
+6 1
+2 3
433 3
+1 4
+69 2
+10 11
+42 1
+1 1
434 10
+55 2

fn=(36)
325 1
+4 4
+3 3
+5 2
-5 1
+5 1
-5 1
+4 1
+1 1
+1 4
+1 4
+1 3
+1 2
+7 2
+2 5
+5 1
-5 1
+5 1
-5 1
+5 1
-5 2
+5 1
+7 1
-7 4
+7 1
+1 3
+6 1
-6 4
+6 1
fi=(17) /usr/src/debug/glibc-2.34-28.el9_0.x86_64/elf/../sysdeps/unix/sysv/linux/x86/dl-minsigstacksize.h
24 2
+3 2
+1 2
+37 3
+7 1
+2 1
fe=(16)
384 2

fn=(40)
43 7
+4 1
+28 1
-18 1
+9 1
-10 1
-1 1
+25 1
-4 1
-20 1
+9 1
+11 1
-2 1
-19 2
+25 1
-15 1
-9 1
+9 1
+11 1
+25 1
-21 1
+8 1
-4 1
-10 1
-9 1
+9 1
+27 1
+4 1
-17 1
+4 1
+1 1
+8 1
-9 1
-12 1
+24 1
-12 1
+1 2
+1 1
-2 1
+2 2
+1 1
+2 1
-2 1
+2 3
+1 3
+3 2
+3 1
+1 1
-1 1
+1 1
-1 1
-3 1
+4 1
+4 2
+4 2
+2 4
+96 1
-1 2
+4 3
+4 1
-4 1
+4 1
+67 3
+4 3
fi=(18)
31 1
-3 1
+3 1
-1 2
fe=(16)
296 1
+1 8
-75 3
+1 2
+3 1
-1 1
+9 1
-5 1
+2 1
-2 1
+5 1
fi=(18)
32 3
+4 3
fe=(16)
+83 2
+2 1
+3 2
+10 1
+10 2
-10 1
+10 1
-10 2
+6 4
+2 4
+7 4
+49 1
+12 1
-12 2
fi=(18)
39 3
+1 4
+5 1
-7 1
+7 3
+2 1
+1 2
+1 3
+2 4
+1 2
+1 2
+6 1
-4 1
+4 1
-3 2
fe=(16)
+75 1
-5 2
+4 1

fl=(31)
fn=(94)
111 209
+33 209
+1 209
+2 209
+1 209
+21 209
+1 209
+1 164
+1 164
+1 153
+1 153
+1 153
+1 153
+21 153
+1 153
+1 153
+1 153
+1 153
+1 153
+1 153
+5 13
+1 39
+9 13
+1 13
+1 13
+1 13
+1 13
+1 13
+1 13
+1 13
-7 56
+1 56
+1 56
+1 56
+1 56
+1 56
+1 56
+1 56
+1 69
+1 42
+1 42
+1 42
+2 42
+1 42
+1 42
+1 42
+1 42
+1 42
-5 27
+1 27
+1 27
+1 27
+1 27
+1 27
+81 1
+1 1
+1 1
+1 1
+1 1
+2 1
+1 1
+1 1
+1 1
+1 1
+1 1
+1 1
+1 1
+3 1
+1 1
+1 1
+6 1
+1 1
+1 2
+4 1
+1 1
+3 1
+1 1
+1 1
+3 1
+1 1
+1 1
+6 1
+1 1
+1 1
+1 1
+1 1
+1 1
+78 4
+1 4
+1 4
+1 4
+1 4
+2 4
+1 4
+1 4
+1 4
+1 4
+1 4
+1 4
+1 4
+3 4
+1 4
+1 4
+6 4
+1 4
+1 8
+4 4
+1 4
+3 4
+1 4
+1 4
+3 4
+1 4
+1 4
+6 4
+1 4
+1 4
+1 4
+1 4
+1 4
696 2
+1 2
+1 2
+1 2
+1 2
+2 2
+1 2
+1 2
+1 2
+1 2
+1 2
+1 2
+1 1
+4 1
+1 1
+1 1
+6 1
+1 1
+1 2
+4 1
+1 1
+3 1
+1 1
+1 1
+3 1
+1 1
+1 1
+6 1
+1 1
+1 1
+1 1
+1 1
+1 1
+72 1
+1 1
+1 1
+1 1
+1 1
+2 1
+1 1
+1 1
+1 1
+1 1
+1 1
+1 1
+1 1
+4 1
+1 1
+1 1
+6 1
+1 1
+1 2
+4 1
+1 1
+3 1
+1 1
+1 1
+3 1
+1 1
+1 1
+6 1
+1 1
+1 1
+1 1
+1 1
+1 1
+72 22
+1 22
+1 22
+1 22
+1 22
+2 22
+1 22
+1 22
+1 22
+1 22
+1 22
+1 22
+1 22
+4 22
+1 22
+1 22
+6 22
+1 22
+1 44
+4 22
+1 22
+3 22
+1 22
+1 22
+3 22
+1 22
+1 22
+6 22
+1 22
+1 22
+1 22
+1 22
+1 22
+72 3
+1 3
+1 3
+1 3
+1 3
+2 3
+1 3
+1 3
+1 3
+1 3
+1 3
+1 3
+1 1
+4 1
+1 1
+1 1
+6 1
+1 1
+1 2
+4 1
+1 1
+3 1
+1 1
+1 1
+3 1
+1 1
+1 1
+6 1
+1 1
+1 1
+1 1
+1 1
+1 1
+7 1
+1 1
+2 1
+1 1
+2 1
+1 1
+1 1
+3 1
+1 1
+1 1
+6 1
+1 1
+1 1
+1 1
+1 1
+1 1
+41 5
+1 5
+1 5
+1 5
+1 5
+2 5
+1 5
+1 5
+1 5
+1 5
+1 5
+1 5
+1 4
+4 4
+1 4
+1 4
+6 4
+1 4
+1 8
+4 4
+1 4
+3 4
+1 4
+1 4
+3 4
+1 4
+1 4
+6 4
+1 4
+1 4
+1 4
+1 4
+1 4
+72 2
+1 2
+1 2
+1 2
+1 2
+2 2
+1 2
+1 2
+1 2
+1 2
+1 2
+1 2
1446 2
+1 2
+1 2
+1 2
+1 2
+2 2
+1 2
+1 2
+1 2
+1 2
+1 2
+1 2
+1 2
+4 2
+1 2
+1 2
+6 2
+1 2
+1 4
+4 2
+1 2
+3 2
+1 2
+1 2
+3 2
+1 2
+1 2
+6 2
+1 2
+1 2
+1 2
+1 2
+1 2
+7 1
+1 1
+2 1
+1 1
+2 1
+1 1
+1 1
+3 1
+1 1
+1 1
+6 1
+1 1
+1 1
+1 1
+1 1
+1 1
+41 2
+1 2
+1 2
+1 2
+1 2
+2 2
+1 2
+1 2
+1 2
+1 2
+1 2
+1 2
+1 1
+4 1
+1 1
+1 1
+6 1
+1 1
+1 2
+4 1
+1 1
+3 1
+1 1
+1 1
+3 1
+1 1
+1 1
+6 1
+1 1
+1 1
+1 1
+1 1
+1 1
+72 5
+1 5
+1 5
+1 5
+1 5
+2 5
+1 5
+1 5
+1 5
+1 5
+1 5
+1 5
+1 4
+4 4
+1 4
+1 4
+6 4
+1 4
+1 8
+4 4
+1 4
+3 4
+1 4
+1 4
+3 4
+1 4
+1 4
+6 4
+1 4
+1 4
+1 4
+1 4
+1 4
+72 2
+1 2
+1 2
+1 2
+1 2
+2 2
+1 2
+1 2
+1 2
+1 2
+1 2
+1 2
+1 2
+4 2
+1 2
+1 2
+6 2
+1 2
+1 4
+4 2
+1 2
+3 2
+1 2
+1 2
+3 2
+1 2
+1 2
+6 2
+1 2
+1 2
+1 2
+1 2
+1 2
+72 6
+1 6
+1 6
+1 6
+1 6
+2 6
+1 6
+1 6
+1 6
+1 6
+1 6
+1 6
+1 3
+4 3
+1 3
+1 3
+6 3
+1 3
+1 6
+4 3
+1 3
+3 3
+1 3
+1 3
+3 3
+1 3
+1 3
+6 3
+1 3
+1 3
+1 3
+1 3
+1 3
+72 12
+1 12
+1 12
+1 12
+1 12
+2 12
+1 12
+1 12
+1 12
+1 12
+1 12
+1 12
+2 9
+4 9
+1 9
+1 9
+6 9
+1 9
+2 18
+4 9
+1 9
+3 9
+1 9
+1 9
+3 9
+1 9
+1 9
+6 9
+1 9
+1 9
+1 9
+1 9
+1 9
+74 55
+2 55
+1 55
+1 55
+1 55
-3 14
+1 14
+1 14
+1 14
+1 84
+5 42
+6 42
+1 42
+8 42
+1 42
-16 167
+6 167
+1 167
+8 167
+1 167

fl=(7)
fn=(370) lookup_malloc_symbol
74 8
+3 4
-3 28
+3 4
-3 4
+3 4
-1 4
+1 16
cfi=(75)
cfn=(280)
calls=4 835 
* 2054
+4 8
-4 4
+4 20
+1 24
fi=(78) /usr/src/debug/glibc-2.34-28.el9_0.x86_64/elf/./dl-sym-post.h
-41 8
+12 12
fe=(7)
+32 36

fn=(186)
188 2
+2 8

fn=(74)
171 8
+4 8
-4 32
+7 8
+1 24
fi=(27)
56 8
cfi=(7)
cfn=(78)
calls=8 +72 
* 263
fe=(7)

fn=(12)
55 1
+1 2
+1 2
+1 2
+1 2
+1 1

fn=(78)
128 100
+1 20
+11 20
-11 40
+11 40
+3 20
-3 20
+3 112
+18 20
+1 20
+2 80
-16 8
+1 4
+2 2
+1 14
cfi=(58)
cfn=(196)
calls=2 48 
* 18
* 2
+2 4
+2 4
+2 2
+4 2
-4 4
-23 1
-1 1
+1 1
+1 2
-2 2

fn=(366)
89 2
+11 1
fi=(77) /usr/src/debug/glibc-2.34-28.el9_0.x86_64/elf/../sysdeps/generic/dl-hash.h
-55 1
fe=(7)
+54 1
-10 1
fi=(77)
-45 1
fe=(7)
+45 5
+11 1
-1 1
fi=(77)
-56 1
+5 3
+14 4
-17 2
+3 15
+14 20
-17 25
fe=(7)
+59 2
fi=(77)
-37 1
fe=(7)
+35 1
+2 2
fi=(77)
-32 1
fe=(7)
+32 1
cfn=(370)
calls=1 -30 
* 541
+1 3
-1 1
+1 1
cfn=(370)
calls=1 -31 
* 564
+1 3
-1 1
+1 1
cfn=(370)
calls=1 -32 
* 591
+1 3
-1 1
+1 1
cfn=(370)
calls=1 -33 
* 542
+5 1
+1 1
+1 1
+1 1
+1 7

fl=(15)
fn=(380)
71 1
-32 3
+32 2

fn=(32)
37 1
+2 3
-2 1
+4 1
cfi=(16)
cfn=(34)
calls=1 399 
* 7209
+8 2
+20 2

fl=(24)
fn=(88)
41 8
+2 16

fn=(264)
63 2
fi=(96) /usr/src/debug/glibc-2.34-28.el9_0.x86_64/elf/../include/list.h
-18 1
fe=(24)
+18 1
fi=(96)
-19 1
fe=(24)
+20 1
+3 1
fi=(96)
-23 1
+1 1
+1 1
+2 1
fe=(24)
+22 4
+1 2
+1 1
+5 2
+5 1
+6 1
-3 1
+3 1
-6 1
+2 1
+4 1
+13 4
cfi=(10)
cfn=(24)
calls=1 403 
* 20
fi=(72) /usr/src/debug/glibc-2.34-28.el9_0.x86_64/elf/../sysdeps/unix/sysv/linux/rseq-internal.h
-69 3
+8 1
fe=(24)
+69 2
+2 1
+1 1
+1 3

fn=(68)
48 1
+3 3
+1 3
+1 3
+3 2
+1 1
+2 1

fl=(58)
fn=(196)
48 24
+3 24
+8 48
+2 12

fl=(87) /usr/src/debug/glibc-2.34-28.el9_0.x86_64/elf/dl-runtime.c
fn=(468) _dl_fixup
60 95
+2 95
+1 19
+6 19
fi=(97) /usr/src/debug/glibc-2.34-28.el9_0.x86_64/elf/../sysdeps/x86_64/dl-runtime.h
-41 19
fe=(87)
+35 19
+5 19
+1 19
-6 19
+6 38
+1 19
+2 19
-2 19
+2 19
-2 95
+7 38
+4 38
+4 57
+4 54
+1 72
-7 72
+16 18
-1 18
+1 37
-1 1
+1 2
+10 190
cfi=(75)
cfn=(280)
calls=19 835 
* 10866
* 19
+4 95
+10 171
+7 19
+8 76
+4 57
fi=(6)
+95 19
fe=(87)
-91 57
fi=(91) /usr/src/debug/glibc-2.34-28.el9_0.x86_64/elf/../sysdeps/x86_64/dl-irel.h
32 1
cob=(3)
cfi=(76)
cfn=(302)
calls=1 -32 
* 22
* 1
fe=(87)

fl=(79)
fn=(374)
30 2
+10 3
-10 1
+10 2
-10 1
+7 1
+3 2
cfi=(80)
cfn=(376)
calls=1 +34 
* 215
+4 2
+1 8
+2 3
-2 1
+2 3
cfi=(80)
cfn=(376)
calls=1 +27 
* 231
+4 2
+1 6
+1 2
-1 1
+1 2

fl=(22)
fn=(62)
41 13
+44 13
+1 13
+1 13
+1 13
+1 13
+1 13
+1 13
+2 13
+2 13
+31 13
+1 13
+1 13
+1 13
+1 13
+1 7
+2 7
+4 6
+1 6
+1 6
+1 6
+1 6
+1 6
+1 6
+1 6
+1 6
+1 6
+1 6
+1 6
+5 48

fl=(23)
fn=(64)
37 5
+3 1
+18 2
+4 2
+16 5

fl=(82)
fn=(404)
77 12
+1 1
+1 1
+3 3
+8 2
+25 1
+1 5
+1 5
-1 1
+1 1
cfn=(406) call_init
calls=1 -90 
* 35
* 15
-1 3
+1 3
cfn=(406)
calls=3 -90 
* 204
-1 8
+7 8
-39 1
cfn=(406)
calls=1 -57 
* 78
+1 2

fn=(406)
27 40
+4 5
-4 5
+4 15
+2 15
+9 4
-3 8
+3 8
+5 6
+8 9
+1 6
cob=(2)
cfi=(48)
cfn=(408) 0x0000000004839000
calls=1 -56 
* 7
+3 3
+1 6
+6 4
+2 4
-2 2
+3 13
+1 4
cob=(3)
cfi=(76)
cfn=(426) check_stdfiles_vtables
calls=1 -70 
* 12
* 8
cob=(3)
cfi=(76)
cfn=(418) _init_first
calls=1 -70 
* 80
cob=(4)
cfi=(83)
cfn=(412)
calls=1 -70 
* 12
-1 9
+3 30
-29 2

fl=(86) /usr/src/debug/glibc-2.34-28.el9_0.x86_64/elf/../sysdeps/x86_64/dl-trampoline.h
fn=(466) _dl_runtime_resolve_xsave
67 19
+5 19
+3 19
+2 19
+10 19
+6 19
+1 19
+1 19
+1 19
+1 19
+1 19
+1 19
+4 19
+1 19
+3 19
+1 19
+2 19
+1 19
+1 19
+1 19
+1 19
+1 19
+2 19
+7 19
+1 19
+1 19
cfi=(87)
cfn=(468)
calls=19 -66 
* 12532
+1 19
+5 19
+1 19
+1 19
+2 19
+1 19
+1 19
+1 19
+1 19
+1 19
+1 19
+2 19
+2 19
+4 19
+3 19

ob=(5)
fl=(89) /home/worker/Documents/team280/Implementierung/functionality/ellpack_utility.c
fn=(780) free_ellpack
18 2
+1 2
cob=(3)
cfi=(76)
cfn=(546) free
calls=1 -19 
* 66
* 1
+1 2
cob=(3)
cfi=(76)
cfn=(546)
calls=1 -20 
* 66
* 1
+1 1
+1 1
-1 1
cob=(3)
cfi=(76)
cfn=(546)
calls=1 -21 
* 108
* 1

fn=(756) valid_ellpack
31 16
+1 2

fn=(824) free_all
25 3
-1 6
+2 1
-1 1
-6 2
cob=(3)
cfi=(76)
cfn=(546)
calls=1 -19 
* 59
* 1
+7 2
-1 2
-6 4
cob=(3)
cfi=(76)
cfn=(546)
calls=2 -19 
* 125
* 2
+1 6
cob=(3)
cfi=(76)
cfn=(546)
calls=3 -20 
* 198
* 3
+1 6
cob=(3)
cfi=(76)
cfn=(546)
calls=3 -21 
* 328
* 3
+4 6
+3 4

fn=(678) make_ellpack
5 14
+1 2
-1 4
+1 2
cob=(3)
cfi=(76)
cfn=(480) malloc
calls=2 -6 
* 390
cob=(1)
cfi=(86)
cfn=(466)
calls=1 +61 
* 728
* 6
+1 2
+1 2
+2 2
-3 2
-1 2
+1 2
+3 4
cob=(3)
cfi=(76)
cfn=(480)
calls=2 -10 
* 524
* 2
+1 2
-1 4
+1 2
cob=(3)
cfi=(76)
cfn=(480)
calls=2 -11 
* 524
* 2
* 2
+1 8
+4 14

fn=(758) transpose_ellpack
90 8
-59 9
+67 2
cob=(3)
cfi=(76)
cfn=(480)
calls=1 -98 
* 205
* 1
* 1
+1 2
+4 5
cob=(3)
cfi=(76)
cfn=(750) calloc
calls=1 0 
* 80339
* 1
+2 1
-2 1
+2 1
cfn=(762) realwidth_ellpack
calls=1 -52 
* 880017
+1 1
-1 3
+1 1
-1 1
+1 1
cob=(3)
cfi=(76)
cfn=(750)
calls=1 0 
* 48341
* 1
+1 2
-1 2
+1 1
cob=(3)
cfi=(76)
cfn=(750)
calls=1 0 
* 80251
* 1
+1 2
-1 1
+1 1
cob=(3)
cfi=(76)
cfn=(750)
calls=1 0 
* 52149
* 1
+3 2
-3 2
+3 1
cob=(3)
cfi=(76)
cfn=(750)
calls=1 0 
* 40248
* 1
+1 2
-1 1
+1 1
cob=(3)
cfi=(76)
cfn=(750)
calls=1 0 
* 80251
* 1
* 1
+1 12
+3 8
+1 1
+1 2
-1 9999
+1 19998
+2 10000
-3 10000
+3 10000
-2 70000
+12 30000
cob=(3)
cfi=(76)
cfn=(750)
calls=10000 0 
* 2295024
* 10000
+1 20000
-1 40000
+1 10000
cob=(3)
cfi=(76)
cfn=(750)
calls=10000 0 
* 2374967
* 10000
* 30000
+2 10000
-1 50000
+4 50000
cob=(3)
cfi=(76)
cfn=(588) __memcpy_avx_unaligned_erms
calls=10000 0 
* 122611
cob=(1)
cfi=(86)
cfn=(466)
calls=1 -69 
* 766
* 10004
+1 40000
cob=(3)
cfi=(76)
cfn=(588)
calls=10000 0 
* 188535
* 10000
+1 20000
-22 20000
+25 2
+1 2
-1 1
+1 3
cfn=(770) flatten_ellpack
calls=1 -70 
* 4254428
+1 2
cob=(3)
cfi=(76)
cfn=(546)
calls=1 0 
* 167
* 1
+1 2
cob=(3)
cfi=(76)
cfn=(546)
calls=1 0 
* 173
* 1
+1 2
cob=(3)
cfi=(76)
cfn=(546)
calls=1 0 
* 194
* 1
+1 4
+6 9
-34 10000
+2 600017000
+4 99717
-3 99717
+1 99717
+2 99717
-2 99717
-1 99717
+2 99717
+1 99717
-6 400010000

fn=(770)
72 4
+1 2
-1 18
+1 14
cob=(3)
cfi=(76)
cfn=(750)
calls=2 -73 
* 550
* 2
+1 4
-1 4
+1 2
cob=(3)
cfi=(76)
cfn=(750)
calls=2 -74 
* 550
* 2
+1 4
-1 2
+1 8
+1 6
+1 159984
cob=(3)
cfi=(76)
cfn=(588)
calls=19998 -77 
* 768867
* 19998
* 12
cob=(3)
cfi=(76)
cfn=(588)
calls=2 -77 
* 99
* 2
+1 120000
-2 20000
+2 40000
cob=(3)
cfi=(76)
cfn=(588)
calls=20000 -78 
* 1260466
* 20000
-2 60000
+5 8
+1 4
cob=(3)
cfi=(76)
cfn=(546)
calls=2 -82 
* 178
cob=(1)
cfi=(86)
cfn=(466)
calls=1 -15 
* 696
* 6
* 39996
cob=(3)
cfi=(76)
cfn=(546)
calls=19998 -82 
* 3193620
* 19998
+1 20000
-2 20000
+2 20000
cob=(3)
cfi=(76)
cfn=(546)
calls=20000 -83 
* 3194273
* 20000
-2 40000
+4 4
cob=(3)
cfi=(76)
cfn=(546)
calls=2 -85 
* 1420832
* 2
+1 4
cob=(3)
cfi=(76)
cfn=(546)
calls=2 -86 
* 370
* 2
+2 2
-1 2
+1 12
-1 2
cob=(3)
cfi=(76)
cfn=(546)
calls=2 -87 
* 400
* 2

fn=(762)
53 1
-22 8
+29 3
+2 7
-1 1
+1 3
-1 9999
+1 29997
+1 100000
-1 639996
+3 49995
-5 49995
+5 4
-5 5
+9 1
+1 2

fl=(90) /home/worker/Documents/team280/Implementierung/functionality/multiplication.c
fn=(754) matr_mult_ellpack
5 10
+2 1
cfi=(89)
cfn=(756)
calls=1 +24 
* 9
* 5
cfi=(89)
cfn=(756)
calls=1 +24 
* 9
* 2
+8 2
cfi=(89)
cfn=(758)
calls=1 +75 
* 1011823519
* 1
+1 2
+4 2
+2 1
-2 1
+2 1
-2 1
+2 1
cob=(3)
cfi=(76)
cfn=(750)
calls=1 -22 
* 82899
* 1
+1 2
-1 2
+1 1
cob=(3)
cfi=(76)
cfn=(750)
calls=1 -23 
* 80426
* 1
+1 2
-1 2
+1 1
cob=(3)
cfi=(76)
cfn=(750)
calls=1 -24 
* 80418
* 1
+3 2
-3 2
+3 2
cob=(3)
cfi=(76)
cfn=(750)
calls=1 -27 
* 40383
* 1
+1 2
-1 1
+1 1
cob=(3)
cfi=(76)
cfn=(750)
calls=1 -28 
* 80423
* 1
+1 2
-1 2
+1 11
+3 1
+6 1
-6 4
+2 3
+6 1
+2 1
-8 1
-1 3
+9 2
-2 10001
+2 9999
-8 9999
-1 29997
+9 19998
-2 699999998
-2 100000000
-1 100000000
-1 100000000
+6 400000000
+4 3197694068
+1 1572569604
-7 12893648562
+2 22394740186
+1 1554530
+1 1554530
+1 1554530
-2 6218120
-3 3131614
+13 800000000
+2 990602
-1 990602
+2 990602
-22 300040000
+29 30000
cob=(3)
cfi=(76)
cfn=(750)
calls=10000 -63 
* 2648059
* 10000
* 10000
+1 20000
-1 30000
+1 10000
cob=(3)
cfi=(76)
cfn=(750)
calls=10000 -64 
* 2861168
* 10000
* 30000
+2 20000
-1 40000
+4 40000
cob=(3)
cfi=(76)
cfn=(588)
calls=10000 -69 
* 640880
* 10000
+1 40000
cob=(3)
cfi=(76)
cfn=(588)
calls=10000 -70 
* 1068470
* 10000
+1 30000
-39 20000
+2 39996
+15 3250248929
+24 3
+1 2
-1 1
+1 2
cfi=(89)
cfn=(770)
calls=1 -2 
* 6206585
+1 2
cob=(3)
cfi=(76)
cfn=(546)
calls=1 -75 
* 127
* 1
+1 2
cob=(3)
cfi=(76)
cfn=(546)
calls=1 -76 
* 197
* 1
+1 2
cfi=(89)
cfn=(780)
calls=1 -59 
* 252
+1 3
+1 8

fl=(85) /home/worker/Documents/team280/Implementierung/main.c
fn=(458) main
136 1
+3 1
-3 1
+10 1
-10 1
+10 3
-10 1
+3 3
-3 1
+3 1
+7 1
-8 1
+3 1
-3 1
+8 1
cob=(3)
cfi=(76)
cfn=(474) argp_parse
calls=1 0 
* 8344
cob=(1)
cfi=(86)
cfn=(466)
calls=1 -79 
* 762
* 5
+2 3
+54 6
-39 4
cob=(3)
cfi=(76)
cfn=(554) printf
calls=1 0 
* 2437
cob=(1)
cfi=(86)
cfn=(466)
calls=1 -96 
* 666
* 5
+2 2
cob=(3)
cfi=(76)
cfn=(602) puts
calls=1 0 
* 465
cob=(1)
cfi=(86)
cfn=(466)
calls=1 -98 
* 696
* 5
+1 2
cfi=(88) /home/worker/Documents/team280/Implementierung/functionality/parser.c
cfn=(606) parse_matrix
calls=1 36 
* 279213130
+1 3
-1 1
+1 3
cob=(3)
cfi=(76)
cfn=(554)
calls=1 0 
* 2073
* 1
+2 2
cob=(3)
cfi=(76)
cfn=(602)
calls=1 0 
* 465
* 1
+1 2
cfi=(88)
cfn=(606)
calls=1 36 
* 279208120
* 2
+2 1
-2 2
+2 2
+5 5
cob=(3)
cfi=(76)
cfn=(554)
calls=1 0 
* 2073
* 1
+1 2
cob=(3)
cfi=(76)
cfn=(602)
calls=1 0 
* 538
* 1
+1 2
cob=(3)
cfi=(76)
cfn=(602)
calls=1 0 
* 2641
* 1
+2 3
cob=(3)
cfi=(76)
cfn=(750)
calls=1 0 
* 387
cob=(1)
cfi=(86)
cfn=(466)
calls=1 67 
* 673
* 5
+1 1
-1 1
+1 2
+3 7
+13 4
cob=(3)
cfi=(76)
cfn=(554)
calls=1 0 
* 2671
* 1
+1 3
cfi=(88)
cfn=(786) write_matrix
calls=1 +52 
* 4357558637
+1 2
cob=(3)
cfi=(76)
cfn=(602)
calls=1 0 
* 480
* 1
+1 6
cfi=(89)
cfn=(824)
calls=1 25 
* 762
* 1
-14 4
cfi=(90)
cfn=(754)
calls=1 5 
* 46852020405
+1 1

fn=(510) parse_opt
46 6
+4 6
-4 30
+1 6
+3 20
+73 35
-64 1
cob=(3)
cfi=(76)
cfn=(534) __errno_location
calls=1 -59 
* 4
cob=(1)
cfi=(86)
cfn=(466)
calls=1 +8 
* 810
* 5
+1 3
-1 2
+1 1
cob=(3)
cfi=(76)
cfn=(540) strtol
calls=1 -60 
* 106
cob=(1)
cfi=(86)
cfn=(466)
calls=1 +7 
* 665
* 5
+1 1
-1 1
+1 4
+3 2
+3 1
+56 1
-1 1
+1 6
-62 3

fl=(88)
fn=(606)
36 2
+1 2
-1 14
+1 2
cob=(3)
cfi=(76)
cfn=(612) fopen@@GLIBC_2.2.5
calls=2 -37 
* 1102
cob=(1)
cfi=(86)
cfn=(466)
calls=1 +30 
* 701
* 6
+1 4
+5 6
+1 2
+3 2
-1 2
-3 2
+6 8
cob=(3)
cfi=(76)
cfn=(636) fgets
calls=2 -49 
* 1346
cob=(1)
cfi=(86)
cfn=(466)
calls=1 +18 
* 680
* 6
* 16
cob=(3)
cfi=(76)
cfn=(636)
calls=4 -49 
* 698
* 4
+1 24
+2 8
+1 2
cob=(3)
cfi=(76)
cfn=(534)
calls=2 -53 
* 8
* 2
+1 6
-1 4
+1 2
cob=(3)
cfi=(76)
cfn=(540)
calls=2 -54 
* 388
* 2
+1 2
-1 2
+1 14
+10 8
+2 8
+3 10
+7 6
+9 2
-4 2
-5 2
cob=(3)
cfi=(76)
cfn=(554)
calls=2 -77 
* 1756
* 2
+2 8
+6 2
-1 2
-5 6
+9 2
+1 600000
cob=(3)
cfi=(76)
cfn=(664) strtok
calls=200000 -89 
* 20800000
cob=(1)
cfi=(86)
cfn=(466)
calls=1 -22 
* 674
* 200004
* 200000
+1 400000
+3 200000
cob=(3)
cfi=(76)
cfn=(534)
calls=200000 -93 
* 800000
* 200000
+1 600000
-1 400000
+1 400000
cob=(3)
cfi=(76)
cfn=(540)
calls=200000 -94 
* 32780624
* 200000
+1 1600000
+3 600000
+5 400000
+4 400000
+2 99980
+3 19996
+3 59988
cob=(3)
cfi=(76)
cfn=(664)
calls=19996 0 
* 2219556
* 19996
* 540012
cob=(3)
cfi=(76)
cfn=(664)
calls=180004 0 
* 19980444
* 180004
* 200000
+1 400000
+3 200000
+1 800000
cob=(3)
cfi=(76)
cfn=(540)
calls=200000 0 
* 32775284
* 200000
+1 1600000
+3 600000
+5 400000
+4 200000
+1 200000
-46 800000
cob=(3)
cfi=(76)
cfn=(636)
calls=200000 -88 
* 34354142
* 200000
* 8
cob=(3)
cfi=(76)
cfn=(636)
calls=2 -88 
* 340
* 2
* 400004
+50 4
+3 2
-3 2
+3 2
-3 2
+3 4
cob=(3)
cfi=(76)
cfn=(554)
calls=2 0 
* 3182
* 2
+1 20
cob=(3)
cfi=(76)
cfn=(554)
calls=2 0 
* 3004
* 2
+2 10
cfi=(89)
cfn=(678)
calls=2 5 
* 2246
+2 2
-2 2
+2 2
+1 2
-1 4
+1 40000
+1 20000
+1 20000
-2 40000
+1 20000
+1 20000
-1 40000
+1 60000
-2 20000
+2 20000
-2 40000
+1 460000
+1 460000
-1 920000
+1 1380000
-2 460000
+2 460000
-2 920000
-1 60000
+7 6
27 2
153 2
cob=(3)
cfi=(76)
cfn=(554)
calls=2 0 
* 1822
* 2
+3 4
cob=(3)
cfi=(76)
cfn=(690) rewind
calls=2 0 
* 388
cob=(1)
cfi=(86)
cfn=(466)
calls=1 -89 
* 674
* 6
27 8
+2 8
cob=(3)
cfi=(76)
cfn=(636)
calls=2 -29 
* 704
* 2
* 16
cob=(3)
cfi=(76)
cfn=(636)
calls=4 -29 
* 698
* 4
* 12
-1 12
159 4
+10 8
cob=(3)
cfi=(76)
cfn=(636)
calls=2 0 
* 340
* 2
* 800000
cob=(3)
cfi=(76)
cfn=(636)
calls=200000 0 
* 34356946
* 200000
* 400004
+1 600000
cob=(3)
cfi=(76)
cfn=(664)
calls=200000 0 
* 20800000
* 200000
* 200000
+1 400000
+4 200000
cob=(3)
cfi=(76)
cfn=(534)
calls=200000 0 
* 800000
* 200000
+1 600000
-1 400000
+1 400000
cob=(3)
cfi=(76)
cfn=(540)
calls=200000 0 
* 32780624
* 200000
+1 200000
-1 200000
+1 1400000
+3 600000
+6 400000
+5 600000
cob=(3)
cfi=(76)
cfn=(664)
calls=200000 0 
* 22200000
* 200000
+1 400000
+5 800000
-1 200000
+1 200000
cob=(3)
cfi=(76)
cfn=(540)
calls=200000 0 
* 32775284
* 200000
+1 400000
-1 200000
+1 1400000
+4 600000
+6 400000
+5 600000
cob=(3)
cfi=(76)
cfn=(664)
calls=200000 0 
* 25600000
* 200000
+1 400000
+4 200000
+1 800000
cob=(3)
cfi=(76)
cfn=(706) strtof
calls=200000 0 
* 198612102
cob=(1)
cfi=(86)
cfn=(466)
calls=1 67 
* 690
* 200004
+1 1800000
+8 600000
+1 1200000
-1 3989824
+1 3592368
+12 200000
+1 200000
+2 200000
-2 200000
+2 200000
53 2
cob=(3)
cfi=(76)
cfn=(534)
calls=2 -53 
* 8
* 2
+7 6
-1 2
-6 2
+7 2
cob=(3)
cfi=(76)
cfn=(540)
calls=2 -60 
* 388
* 2
+1 2
-1 2
+1 14
247 4
cob=(3)
cfi=(76)
cfn=(728) fclose@@GLIBC_2.2.5
calls=2 0 
* 1094
cob=(1)
cfi=(86)
cfn=(466)
calls=1 67 
* 689
* 6
+2 18

fn=(786)
251 4
+1 1
-1 2
+1 1
-1 1
+1 1
cob=(3)
cfi=(76)
cfn=(612)
calls=1 0 
* 481
* 1
+1 2
+6 6
cob=(3)
cfi=(76)
cfn=(792) fprintf
calls=1 0 
* 14999
cob=(1)
cfi=(86)
cfn=(466)
calls=1 67 
* 699
* 5
+1 5
cob=(3)
cfi=(76)
cfn=(792)
calls=1 0 
* 664
* 1
+1 3
cob=(3)
cfi=(76)
cfn=(798) fputc
calls=1 0 
* 21
cob=(1)
cfi=(86)
cfn=(466)
calls=1 67 
* 658
* 5
+3 2
+1 1
-1 2
+1 4178194
+1 2370000
+1 2370000
+1 2370000
-2 4740000
+1 2370000
+1 7110000
-2 990602
+4 6934214
cob=(3)
cfi=(76)
cfn=(792)
calls=990602 0 
* 4290352563
* 990602
+1 3962740
+1 1981204
-7 990602
+7 990602
cob=(3)
cfi=(76)
cfn=(798)
calls=990602 0 
* 20845938
* 990602
-7 2971806
-1 30001
+14 2
cob=(3)
cfi=(76)
cfn=(822) ferror
calls=1 0 
* 8
cob=(1)
cfi=(86)
cfn=(466)
calls=1 67 
* 689
* 5
+1 1
-1 2
+6 5
-1 1
cob=(3)
cfi=(76)
cfn=(728)
calls=1 0 
* 688
* 1

fl=(84)
fn=(840)
0 6
cfn=(844) 0x00000000004014c0
calls=1 0 
0 5
0 3

fn=(430)
0 12
cob=(3)
cfi=(76)
cfn=(432) __libc_start_main@@GLIBC_2.34
calls=1 0 
0 51768028720

fn=(444) 0x0000000000401560
0 12

fn=(844)
0 5

ob=(3)
fl=(76)
fn=(294)
0 17

fn=(304)
0 42

fn=(316)
0 46

fn=(390) __pthread_tunables_init
0 11
cob=(2)
cfi=(48)
cfn=(392) 0x0000000004874630
calls=1 0 
0 22
0 4
cob=(2)
cfi=(48)
cfn=(392)
calls=1 0 
0 23
0 6

fn=(450) (below main)
0 11
cfn=(452) _setjmp
calls=1 0 
0 34
0 15
cob=(5)
cfi=(85)
cfn=(458)
calls=1 136 
0 51768026550
0 2
cfn=(826) exit
calls=1 0 
0 1944

fn=(476) calc_sizes
0 22
cfn=(477) calc_sizes'2
calls=3 0 
0 164
0 18

fn=(477)
0 164

fn=(540)
0 4000025
cfn=(542) ____strtol_l_internal
calls=800005 0 
0 127112673

fn=(560) __strchrnul_avx2
0 75286472

fn=(644) _IO_default_uflow
0 42180
cfn=(646) _IO_file_underflow@@GLIBC_2.2.5
calls=2812 0 
0 281850
0 28104

fn=(722) __mpn_mul_1
0 314199234

fn=(736) _IO_unsave_markers
0 30

fn=(800) read_int
0 10896622

fn=(812) __libc_alloca_cutoff
0 10896622

fn=(826)
0 8
cfn=(828) __run_exit_handlers
calls=1 0 
0 1936

fn=(866) __unregister_atfork
0 16

fn=(326)
0 17

fn=(332)
0 38

fn=(338)
0 17

fn=(342)
0 21

fn=(352)
0 7

fn=(358)
0 23

fn=(480)
0 464
cfn=(486) tcache_init.part.0
calls=1 0 
0 473
0 114
cfn=(488) _int_malloc
calls=13 0 
0 16106
0 84
cfn=(482) ptmalloc_init.part.0
calls=1 0 
0 972
0 2

fn=(508) __strcmp_avx2
0 1428

fn=(516) _getopt_long_r
0 12
cfn=(518) _getopt_internal_r
calls=2 0 
0 507
0 4

fn=(518)
0 109
cob=(2)
cfi=(48)
cfn=(526) 0x00000000048745e0
calls=1 0 
0 23
0 82
cfn=(520) getenv
calls=1 0 
0 267
0 26

fn=(546)
0 800542
cfn=(548) _int_free
calls=40022 0 
0 6811185
0 200204
cfn=(782) munmap_chunk
calls=6 0 
0 210
0 4
cfn=(782)
calls=2 0 
0 70
0 42

fn=(566) _IO_file_overflow@@GLIBC_2.2.5
0 183771
cfn=(580) _IO_do_write@@GLIBC_2.2.5
calls=2437 0 
0 282442
0 25
cfn=(580)
calls=5 0 
0 570
0 34327
cfn=(580)
calls=3813 0 
0 442308
0 7630
cfn=(568) _IO_doallocbuf
calls=2 0 
0 14541
0 12

fn=(574) fstat
0 28
cfn=(576) fstatat
calls=4 0 
0 32

fn=(696) _IO_free_backup_area
0 14
cob=(2)
cfi=(48)
cfn=(544) 0x0000000004874410
calls=2 0 
0 12
0 10

fn=(734) _IO_file_close_it@@GLIBC_2.2.5
0 48
cfn=(736)
calls=3 0 
0 30
0 36
cfn=(738) _IO_file_close
calls=3 0 
0 27
0 27
cfn=(578) _IO_setb
calls=3 0 
0 517
0 24
cfn=(730) _IO_un_link
calls=3 0 
0 12
0 37
cfn=(580)
calls=1 0 
0 116
0 2

fn=(738)
0 9
cfn=(740) __close_nocancel
calls=3 0 
0 18

fn=(802) __printf_fp
0 6934214
cfn=(804) __printf_fp_l
calls=990602 0 
0 2977985193

fn=(836)
0 3
cfn=(838) __pthread_mutex_unlock_usercnt
calls=1 0 
0 36

fn=(880) _IO_flush_all_lockp
0 18
cfn=(562) __libc_cleanup_push_defer
calls=1 0 
0 10
0 78
cfn=(596) __libc_cleanup_pop_restore
calls=1 0 
0 8
0 12

fn=(888) _Exit
0 5

fn=(296)
0 19

fn=(348)
0 17

fn=(456) __sigjmp_save
0 9

fn=(484) getrandom
0 9

fn=(496) brk
0 613

fn=(512) argp_default_parser
0 85

fn=(602)
0 45
cob=(2)
cfi=(48)
cfn=(522) 0x0000000004874480
calls=5 0 
0 96
0 165
cfn=(564) _IO_file_xsputn@@GLIBC_2.2.5
calls=5 0 
0 3253
0 155
cfn=(604) __overflow
calls=5 0 
0 865
0 10

fn=(620) _IO_new_file_init_internal
0 18
cfn=(622) _IO_link_in
calls=3 0 
0 312
0 9

fn=(624) _IO_file_fopen@@GLIBC_2.2.5
0 149
cfn=(626) _IO_file_open
calls=3 0 
0 276
0 18
cfn=(630) __GI_strstr
calls=3 0 
0 171
0 17

fn=(638) _IO_getline
0 1200048
cfn=(640) _IO_getline_info
calls=400016 0 
0 39914086

fn=(650) _IO_file_read
0 16872
cfn=(652) read
calls=2812 0 
0 22496

fn=(652)
0 22496

fn=(656) __memchr_avx2
0 7706492

fn=(698) _IO_file_seek
0 6
cfn=(700) lseek
calls=2 0 
0 12

fn=(720) __mpn_mul
0 111198579
cfn=(722)
calls=3005367 0 
0 98761767
0 18032202

fn=(728)
0 72
cfn=(742) _IO_file_finish@@GLIBC_2.2.5
calls=3 0 
0 87
0 45
cob=(2)
cfi=(48)
cfn=(544)
calls=3 0 
0 273
0 18
cfn=(730)
calls=3 0 
0 324
0 63
cfn=(734)
calls=3 0 
0 876
0 24

fn=(730)
0 24
cfn=(732) __GI__IO_un_link.part.0
calls=3 0 
0 312

fn=(732)
0 48
cfn=(562)
calls=3 0 
0 30
0 183
cfn=(596)
calls=3 0 
0 24
0 27

fn=(864) __cxa_finalize
0 45
cfn=(866)
calls=1 0 
0 16
0 12

fn=(886) _IO_file_sync@@GLIBC_2.2.5
0 18

fn=(292)
0 7

fn=(300)
0 19

fn=(314)
0 17

fn=(318)
0 17

fn=(322)
0 7

fn=(384)
0 8
cfn=(386) __ctype_init
calls=1 0 
0 17
0 6
cfn=(388) getrlimit
calls=1 0 
0 10
0 30
cfn=(390)
calls=1 0 
0 66
0 6
cfn=(394) __lll_elision_init
calls=1 0 
0 147

fn=(434) __cxa_atexit
0 3
cfn=(436) __internal_atexit
calls=1 0 
0 72

fn=(436)
0 19
cfn=(438) __new_exitfn
calls=1 0 
0 32
0 21

fn=(454) __sigsetjmp
0 22
cfn=(456)
calls=1 0 
0 9

fn=(502) __memset_avx2_unaligned_erms
0 1864103

fn=(542)
0 127112673

fn=(570) _IO_file_doallocate
0 92
cfn=(572) _IO_file_stat
calls=4 0 
0 72
0 48
cob=(2)
cfi=(48)
cfn=(478) 0x00000000048746b0
calls=4 0 
0 14665
0 28
cfn=(578)
calls=4 0 
0 112
0 48

fn=(578)
0 205
cob=(2)
cfi=(48)
cfn=(544)
calls=3 0 
0 418
0 6

fn=(590) new_do_write
0 156350
cfn=(592) _IO_file_write@@GLIBC_2.2.5
calls=6254 0 
0 287684
0 206344

fn=(646)
0 78732
cfn=(648) _IO_switch_to_get_mode
calls=2812 0 
0 70300
0 44992
cfn=(650)
calls=2812 0 
0 39368
0 47822
cfn=(568)
calls=2 0 
0 628
0 8

fn=(684) mmap
0 117

fn=(708) ____strtof_l_internal
0 4400000
cob=(2)
cfi=(48)
cfn=(522)
calls=200000 0 
0 3200000
0 58672674
cob=(2)
cfi=(48)
cfn=(658) 0x0000000004874600
calls=199968 0 
0 2999520
0 4766684
cfn=(720)
calls=34612 0 
0 2215168
0 4449148
cfn=(710) str_to_mpn.part.0.constprop.0
calls=199968 0 
0 16798016
0 24199552
cfn=(710)
calls=200000 0 
0 22133704
0 5599776
cob=(2)
cfi=(48)
cfn=(658)
calls=199968 0 
0 2999520
0 4199328
cfn=(712) __mpn_lshift
calls=199968 0 
0 3199488
0 999840
cfn=(712)
calls=199968 0 
0 3199488
0 8798592
cfn=(714) round_and_return
calls=199968 0 
0 18292564
0 1399776
cfn=(712)
calls=199968 0 
0 3199488
0 1336912
cob=(2)
cfi=(48)
cfn=(658)
calls=34276 0 
0 514140
0 34852
cfn=(712)
calls=32 0 
0 512
0 288
cfn=(714)
calls=32 0 
0 3040
0 32

fn=(884) _IO_default_setbuf
0 19
cfn=(886)
calls=1 0 
0 18
0 32

fn=(290)
0 42

fn=(298)
0 24

fn=(308)
0 21

fn=(324)
0 7

fn=(328)
0 7

fn=(340)
0 7

fn=(356)
0 7

fn=(388)
0 10

fn=(394)
0 11
cob=(2)
cfi=(48)
cfn=(392)
calls=1 0 
0 22
0 4
cob=(2)
cfi=(48)
cfn=(392)
calls=1 0 
0 22
0 4
cob=(2)
cfi=(48)
cfn=(392)
calls=1 0 
0 22
0 4
cob=(2)
cfi=(48)
cfn=(392)
calls=1 0 
0 22
0 4
cob=(2)
cfi=(48)
cfn=(392)
calls=1 0 
0 22
0 10

fn=(424) __strrchr_avx2
0 68

fn=(426)
0 12

fn=(452)
0 3
cfn=(454)
calls=1 0 
0 31

fn=(482)
0 12
cfn=(484)
calls=1 0 
0 9
0 653
cob=(2)
cfi=(48)
cfn=(392)
calls=1 0 
0 23
0 4
cob=(2)
cfi=(48)
cfn=(392)
calls=1 0 
0 22
0 4
cob=(2)
cfi=(48)
cfn=(392)
calls=1 0 
0 23
0 4
cob=(2)
cfi=(48)
cfn=(392)
calls=1 0 
0 23
0 4
cob=(2)
cfi=(48)
cfn=(392)
calls=1 0 
0 22
0 4
cob=(2)
cfi=(48)
cfn=(392)
calls=1 0 
0 23
0 4
cob=(2)
cfi=(48)
cfn=(392)
calls=1 0 
0 23
0 4
cob=(2)
cfi=(48)
cfn=(392)
calls=1 0 
0 23
0 4
cob=(2)
cfi=(48)
cfn=(392)
calls=1 0 
0 23
0 4
cob=(2)
cfi=(48)
cfn=(392)
calls=1 0 
0 23
0 4
cob=(2)
cfi=(48)
cfn=(392)
calls=1 0 
0 23
0 7

fn=(498) alloc_perturb
0 158036

fn=(514) argp_version_parser
0 25

fn=(554)
0 300
cfn=(556) __vfprintf_internal
calls=12 0 
0 18658
0 60

fn=(556)
0 33680946
cob=(2)
cfi=(48)
cfn=(558) 0x00000000048744c0
calls=990616 0 
0 20802972
0 21793552
cfn=(564)
calls=990616 0 
0 19816263
0 154535452
cfn=(562)
calls=990616 0 
0 9906160
0 16840472
cfn=(596)
calls=990616 0 
0 7924928
0 21793412
cob=(2)
cfi=(48)
cfn=(558)
calls=2971828 0 
0 62408388
0 38633764
cfn=(564)
calls=2971828 0 
0 154625222
0 144628926
cfn=(676) _itoa_word
calls=1981218 0 
0 131641074
0 83210200
cfn=(564)
calls=1981218 0 
0 133590970
0 178307135
cfn=(802)
calls=990602 0 
0 2984919407
0 8915498
cfn=(564)
calls=8 0 
0 2481
0 80
cob=(2)
cfi=(48)
cfn=(522)
calls=8 0 
0 128
0 3963858
cfn=(800)
calls=990602 0 
0 10896622
0 14859058

fn=(562)
0 9906240

fn=(564)
0 148582148
cob=(2)
cfi=(48)
cfn=(584) 0x00000000048743c0
calls=3961496 0 
0 77644278
0 81248671
cfn=(566)
calls=2437 0 
0 355524
0 48692
cfn=(582) _IO_default_xsputn
calls=2425 0 
0 147883
0 10993

fn=(568)
0 80
cfn=(570)
calls=4 0 
0 15065
0 24

fn=(576)
0 32

fn=(586) __mempcpy_avx_unaligned_erms
0 87552122

fn=(596)
0 7924992

fn=(626)
0 39
cfn=(628) open
calls=3 0 
0 105
0 45
cfn=(622)
calls=3 0 
0 72
0 15

fn=(674) __strcspn_sse42
0 36600000

fn=(714)
0 8403720
cfn=(716) round_away
calls=310 0 
0 3100
0 2899878
cfn=(718) __mpn_construct_float
calls=200000 0 
0 2200000
0 798760
cfn=(716)
calls=199690 0 
0 1996900
0 1993246

fn=(804)
0 67360936
cfn=(806) __mpn_extract_double
calls=990602 0 
0 21793244
0 93119828
cob=(2)
cfi=(48)
cfn=(658)
calls=990926 0 
0 13872964
0 166748472
cfn=(720)
calls=2970755 0 
0 225777380
0 25079475
cob=(2)
cfi=(48)
cfn=(658)
calls=2639291 0 
0 36950074
0 90767809
cfn=(812)
calls=990602 0 
0 10896622
0 37642876
cfn=(814) hack_digit
calls=990602 0 
0 117185074
0 63398528
cfn=(814)
calls=8915418 0 
0 1045039557
0 80235609
cfn=(814)
calls=990602 0 
0 103269794
0 99111740
cob=(2)
cfi=(48)
cfn=(522)
calls=990602 0 
0 15849632
0 186233176
cob=(2)
cfi=(48)
cfn=(584)
calls=990602 0 
0 19812040
0 41023648
cfn=(808) __mpn_cmp
calls=3961681 0 
0 47540172
0 244183437
cfn=(604)
calls=3567 0 
0 631359
0 12884960
cfn=(712)
calls=990602 0 
0 15849632
0 42011476
cfn=(810) __mpn_rshift
calls=990533 0 
0 17829594
0 6933731
cfn=(810)
calls=990533 0 
0 17829594
0 11119307
cfn=(810)
calls=69 0 
0 1242
0 552
cfn=(810)
calls=69 0 
0 1242
0 417

fn=(808)
0 47540172

fn=(878) _IO_cleanup
0 14
cfn=(880)
calls=1 0 
0 126
0 6
cfn=(562)
calls=1 0 
0 10
0 72
cfn=(882) _IO_file_setbuf@@GLIBC_2.2.5
calls=1 0 
0 85
0 27
cfn=(596)
calls=1 0 
0 8
0 20

fn=(302)
0 44

fn=(320)
0 7

fn=(344)
0 17

fn=(386)
0 17

fn=(432)
0 18
cfn=(434)
calls=1 0 
0 75
0 17
cfn=(450)
calls=1 0 
0 51768028556
0 11
cob=(2)
cfi=(48)
cfn=(440) 0x0000000000401000
calls=1 0 
0 7
0 20
cob=(5)
cfi=(84)
cfn=(444)
calls=1 0 
0 12
0 4

fn=(486)
0 14
cfn=(488)
calls=1 0 
0 356
0 103

fn=(520)
0 28
cob=(2)
cfi=(48)
cfn=(522)
calls=1 0 
0 16
0 223

fn=(528) __strchr_avx2
0 105

fn=(594) write
0 56286

fn=(612)
0 9
cfn=(614) __fopen_internal
calls=3 0 
0 1574

fn=(618) _IO_old_init
0 90

fn=(640)
0 11616136
cob=(2)
cfi=(48)
cfn=(654) 0x0000000004874400
calls=402628 0 
0 8511748
0 1221524
cob=(2)
cfi=(48)
cfn=(658)
calls=2728 0 
0 41572
0 2043736
cfn=(642) __uflow
calls=2812 0 
0 453366
0 6024372
cob=(2)
cfi=(48)
cfn=(658)
calls=399900 0 
0 5602036
0 4399596

fn=(642)
0 87172
cfn=(644)
calls=2812 0 
0 352134
0 14060

fn=(676)
0 131641074

fn=(692) _IO_seekoff_unlocked
0 60
cfn=(694) _IO_file_seekoff@@GLIBC_2.2.5
calls=2 0 
0 240
0 4

fn=(716)
0 2000000

fn=(740)
0 18

fn=(742)
0 39
cfn=(744) _IO_default_finish
calls=3 0 
0 48

fn=(782)
0 232
cfn=(784) munmap
calls=8 0 
0 48

fn=(784)
0 48

fn=(806)
0 21793244

fn=(814)
0 183329489
cfn=(722)
calls=10258927 0 
0 215437467
0 192488383
cfn=(816) __mpn_divrem
calls=10896622 0 
0 484532647
0 189706439

fn=(816)
0 484532647

fn=(822)
0 8

fn=(828)
0 51
cob=(1)
cfi=(92)
cfn=(832)
calls=1 31 
0 1472
0 21
cfn=(878)
calls=1 0 
0 368
0 5
cfn=(888)
calls=1 0 
0 5
0 1
cfn=(830) __call_tls_dtors
calls=1 0 
0 12
0 1

fn=(288)
0 28

fn=(336)
0 21

fn=(418)
0 19
cfn=(420) __init_misc
calls=1 0 
0 61

fn=(438)
0 32

fn=(474)
0 86
cfn=(476)
calls=1 0 
0 204
0 14
cob=(2)
cfi=(48)
cfn=(478)
calls=1 0 
0 1640
0 27
cob=(2)
cfi=(48)
cfn=(500) 0x0000000004874650
calls=1 0 
0 14
0 25
cfn=(504) convert_options
calls=1 0 
0 3241
0 64
cfn=(514)
calls=1 0 
0 5
cfn=(512)
calls=1 0 
0 17
cob=(5)
cfi=(85)
cfn=(510)
calls=1 46 
0 18
0 149
cob=(5)
cfi=(85)
cfn=(510)
calls=1 46 
0 18
cfn=(512)
calls=1 0 
0 17
cfn=(514)
calls=1 0 
0 5
0 72
cob=(5)
cfi=(85)
cfn=(510)
calls=1 46 
0 18
cfn=(512)
calls=1 0 
0 17
cfn=(514)
calls=1 0 
0 5
0 20
cob=(2)
cfi=(48)
cfn=(544)
calls=1 0 
0 91
0 20
cfn=(516)
calls=2 0 
0 523
0 13
cob=(2)
cfi=(48)
cfn=(422) 0x00000000048745d0
calls=1 0 
0 36
0 56
cob=(2)
cfi=(48)
cfn=(526)
calls=1 0 
0 23
0 24
cob=(5)
cfi=(85)
cfn=(510)
calls=1 46 
0 1635
0 66
cfn=(514)
calls=1 0 
0 5
cfn=(512)
calls=1 0 
0 17
cob=(5)
cfi=(85)
cfn=(510)
calls=1 46 
0 18
0 64
cob=(5)
cfi=(85)
cfn=(510)
calls=1 46 
0 18
cfn=(512)
calls=1 0 
0 17
cfn=(514)
calls=1 0 
0 5
0 37

fn=(494) sbrk
0 220231
cfn=(496)
calls=1 0 
0 9
0 26253
cfn=(496)
calls=66 0 
0 604
0 162

fn=(524) __strlen_avx2
0 16668640

fn=(534)
0 1600020

fn=(548)
0 3526270
cfn=(752) unlink_chunk.constprop.0
calls=19327 0 
0 405174
0 619953
cfn=(752)
calls=4 0 
0 75
0 2386
cfn=(776) malloc_consolidate
calls=51 0 
0 1432433
0 90332
cfn=(778) systrim.constprop.0
calls=12893 0 
0 722008
0 12893

fn=(616) _IO_no_init
0 33
cfn=(618)
calls=3 0 
0 90
0 69

fn=(622)
0 174
cfn=(562)
calls=3 0 
0 30
0 153
cfn=(596)
calls=3 0 
0 24
0 3

fn=(628)
0 105

fn=(648)
0 70300

fn=(664)
0 3000000
cfn=(666) strtok_r
calls=1000000 0 
0 108600000

fn=(694)
0 70
cfn=(696)
calls=2 0 
0 36
0 54
cfn=(698)
calls=2 0 
0 18
0 62

fn=(700)
0 12

fn=(706)
0 1000000
cfn=(708)
calls=200000 0 
0 197612102

fn=(710)
0 38931720

fn=(718)
0 2200000

fn=(752)
0 787595

fn=(798)
0 20802417
cfn=(604)
calls=246 0 
0 43542

fn=(830)
0 12

fn=(834)
0 43

fn=(838)
0 36

fn=(882)
0 4
cfn=(884)
calls=1 0 
0 69
0 12

fn=(306)
0 19

fn=(330)
0 22

fn=(354)
0 22

fn=(488)
0 1545241
cfn=(776)
calls=2 0 
0 264
0 3484595
cfn=(498)
calls=1954 0 
0 7816
0 352
cfn=(498)
calls=22 0 
0 88
0 65220
cfn=(752)
calls=490 0 
0 14878
0 16794
cfn=(752)
calls=2 0 
0 62
0 8
cfn=(752)
calls=2 0 
0 62
0 92
cfn=(498)
calls=2 0 
0 8
0 32
cfn=(498)
calls=2 0 
0 8
0 300
cfn=(490) sysmalloc
calls=74 0 
0 11775
0 444
cfn=(498)
calls=74 0 
0 296
0 674264
cfn=(498)
calls=37455 0 
0 149820
0 37455

fn=(490)
0 6422
cfn=(492) __glibc_morecore
calls=66 0 
0 2872
0 1631
cfn=(492)
calls=1 0 
0 28
0 125
cfn=(548)
calls=5 0 
0 339
0 50
cfn=(684)
calls=5 0 
0 45
0 175
cfn=(684)
calls=8 0 
0 72
0 16

fn=(492)
0 64800
cfn=(494)
calls=12960 0 
0 247259
0 51845

fn=(504)
0 31
cfn=(505) convert_options'2
calls=1 0 
0 1527
0 10
cfn=(505)
calls=2 0 
0 1644
0 29

fn=(505)
0 583
cob=(2)
cfi=(48)
cfn=(506) 0x0000000004874670
calls=12 0 
0 276
0 112
cob=(2)
cfi=(48)
cfn=(506)
calls=56 0 
0 1288
0 912

fn=(572)
0 12
cfn=(574)
calls=4 0 
0 60

fn=(580)
0 37534
cfn=(590)
calls=6254 0 
0 650378
0 37524

fn=(614)
0 33
cob=(2)
cfi=(48)
cfn=(478)
calls=3 0 
0 283
0 36
cfn=(616)
calls=3 0 
0 192
0 12
cfn=(620)
calls=3 0 
0 339
0 15
cfn=(624)
calls=3 0 
0 631
0 33

fn=(630)
0 54
cob=(2)
cfi=(48)
cfn=(526)
calls=3 0 
0 69
0 48

fn=(636)
0 15600624
cfn=(638)
calls=400016 0 
0 41114134
0 12000456

fn=(670) __strspn_sse42
0 32200000

fn=(690)
0 46
cfn=(692)
calls=2 0 
0 304
0 38

fn=(712)
0 25448608

fn=(310)
0 44

fn=(312)
0 21

fn=(334)
0 21

fn=(346)
0 22

fn=(350)
0 23

fn=(420)
0 13
cob=(2)
cfi=(48)
cfn=(422)
calls=1 0 
0 36
0 12

fn=(582)
0 59181
cfn=(566)
calls=90 0 
0 3060
0 85642

fn=(588)
0 58095640

fn=(592)
0 87556
cfn=(594)
calls=6254 0 
0 56286
0 143842

fn=(604)
0 68724
cfn=(566)
calls=3818 0 
0 607042

fn=(666)
0 16000000
cob=(2)
cfi=(48)
cfn=(668) 0x00000000048743f0
calls=1000000 0 
0 34200000
0 6000000
cob=(2)
cfi=(48)
cfn=(672) 0x0000000004874560
calls=1000000 0 
0 38600000
0 13800000

fn=(744)
0 48

fn=(750)
0 1040416
cfn=(488)
calls=40016 0 
0 5993412
0 1977968
cob=(2)
cfi=(48)
cfn=(500)
calls=25473 0 
0 1915037

fn=(776)
0 926965
cfn=(752)
calls=10376 0 
0 188805
0 119222
cfn=(752)
calls=9583 0 
0 178539
0 19166

fn=(778)
0 296539
cfn=(492)
calls=12893 0 
0 361004
0 64465

fn=(792)
0 27736872
cfn=(556)
calls=990602 0 
0 4257662697
0 24
cfn=(556)
calls=2 0 
0 15613
0 4953020

fn=(810)
0 35661672

ob=(2)
fl=(48)
fn=(500)
0 50948
cob=(3)
cfi=(76)
cfn=(502)
calls=25474 0 
0 1864103

fn=(858)
0 2
cob=(3)
cfi=(76)
cfn=(864)
calls=1 0 
0 73
cob=(1)
cfi=(86)
cfn=(466)
calls=1 67 
0 695
0 5

fn=(392)
0 36
cob=(1)
cfi=(10)
cfn=(24)
calls=18 403 
0 370

fn=(408)
0 7

fn=(668)
0 2000000
cob=(3)
cfi=(76)
cfn=(670)
calls=1000000 0 
0 32200000

fn=(558)
0 7924888
cob=(3)
cfi=(76)
cfn=(560)
calls=3962444 0 
0 75286472

fn=(440)
0 7

fn=(478)
0 16
cob=(3)
cfi=(76)
cfn=(480)
calls=8 0 
0 16572

fn=(506)
0 136
cob=(3)
cfi=(76)
cfn=(508)
calls=68 0 
0 1428

fn=(522)
0 2381232
cob=(3)
cfi=(76)
cfn=(524)
calls=1190616 0 
0 16668640

fn=(584)
0 9904196
cob=(3)
cfi=(76)
cfn=(586)
calls=4952098 0 
0 87552122

fn=(658)
0 8934114
cob=(3)
cfi=(76)
cfn=(588)
calls=4467057 0 
0 54045712

fn=(876)
0 4

fn=(544)
0 18
cob=(3)
cfi=(76)
cfn=(546)
calls=9 0 
0 776

fn=(160)
0 6
cob=(1)
cfi=(49)
cfn=(162)
calls=3 175 
0 7794

fn=(654)
0 805256
cob=(3)
cfi=(76)
cfn=(656)
calls=402628 0 
0 7706492

fn=(422)
0 4
cob=(3)
cfi=(76)
cfn=(424)
calls=2 0 
0 68

fn=(850)
0 4

fn=(156)
0 2
cob=(1)
cfi=(49)
cfn=(158)
calls=1 225 
0 2724

fn=(526)
0 10
cob=(3)
cfi=(76)
cfn=(528)
calls=5 0 
0 105

fn=(672)
0 2000000
cob=(3)
cfi=(76)
cfn=(674)
calls=1000000 0 
0 36600000

totals: 51768163989
